0 0 0.000000
1 0 0.000000
2 0 0.000000
3 0 0.000000
4 0 0.000000
5 0 0.000000
6 0 0.000000
7 0 0.000000
8 0 0.000000
9 0 0.000000
0 1 0.000000
1 1 0.000000
2 1 0.000000
3 1 0.000000
4 1 0.000000
5 1 0.000000
6 1 0.000000
7 1 0.000000
8 1 0.000000
9 1 0.000000
0 2 0.000000
1 2 0.000000
2 2 0.000000
3 2 0.000000
4 2 0.000000
5 2 0.000000
6 2 0.000000
7 2 0.000000
8 2 0.000000
9 2 0.000000
0 3 0.000000
1 3 0.000000
2 3 0.000000
3 3 0.000000
4 3 0.000000
5 3 0.000000
6 3 0.000000
7 3 0.000000
8 3 0.000000
9 3 0.000000
0 4 0.000000
1 4 0.000000
2 4 0.000000
3 4 0.000000
4 4 0.000000
5 4 0.000000
6 4 0.000000
7 4 0.000000
8 4 0.000000
9 4 0.000000
0 5 0.000000
1 5 0.000000
2 5 0.000000
3 5 0.000000
4 5 0.000000
5 5 0.000000
6 5 0.000000
7 5 0.000000
8 5 0.000000
9 5 0.000000
0 6 0.000000
1 6 0.000000
2 6 0.000000
3 6 0.000000
4 6 0.000000
5 6 0.000000
6 6 0.000000
7 6 0.000000
8 6 0.000000
9 6 0.000000
0 7 0.000000
1 7 0.000000
2 7 0.000000
3 7 0.000000
4 7 0.000000
5 7 0.000000
6 7 0.000000
7 7 0.000000
8 7 0.000000
9 7 0.000000
0 8 0.000000
1 8 0.000000
2 8 0.000000
3 8 0.000000
4 8 0.000000
5 8 0.000000
6 8 0.000000
7 8 0.000000
8 8 0.000000
9 8 0.000000
0 9 0.000000
1 9 0.000000
2 9 0.000000
3 9 0.000000
4 9 0.000000
5 9 0.000000
6 9 0.000000
7 9 0.000000
8 9 0.000000
9 9 0.000000
0 10 0.000000
1 10 0.000000
2 10 0.000000
3 10 0.000000
4 10 0.000000
5 10 0.000000
6 10 0.000000
7 10 0.000000
8 10 0.000000
9 10 0.000000
0 11 0.000000
1 11 0.000000
2 11 0.000000
3 11 0.000000
4 11 0.000000
5 11 0.000000
6 11 0.000000
7 11 0.000000
8 11 0.000000
9 11 0.000000


0 0 20.000000
1 0 0.000000
2 0 0.000000
3 0 0.000000
4 0 0.000000
5 0 0.000000
6 0 0.000000
7 0 0.000000
8 0 0.000000
9 0 0.000000
0 1 0.000000
1 1 0.000000
2 1 0.000000
3 1 0.000000
4 1 0.000000
5 1 0.000000
6 1 0.000000
7 1 0.000000
8 1 0.000000
9 1 0.000000
0 2 0.000000
1 2 0.000000
2 2 0.000000
3 2 0.000000
4 2 0.000000
5 2 0.000000
6 2 0.000000
7 2 0.000000
8 2 0.000000
9 2 0.000000
0 3 0.000000
1 3 0.000000
2 3 0.000000
3 3 0.000000
4 3 0.000000
5 3 0.000000
6 3 0.000000
7 3 0.000000
8 3 0.000000
9 3 0.000000
0 4 0.000000
1 4 0.000000
2 4 0.000000
3 4 0.000000
4 4 0.000000
5 4 0.000000
6 4 0.000000
7 4 0.000000
8 4 0.000000
9 4 0.000000
0 5 0.000000
1 5 0.000000
2 5 0.000000
3 5 0.000000
4 5 0.000000
5 5 0.000000
6 5 0.000000
7 5 0.000000
8 5 0.000000
9 5 0.000000
0 6 0.000000
1 6 0.000000
2 6 0.000000
3 6 0.000000
4 6 0.000000
5 6 0.000000
6 6 0.000000
7 6 0.000000
8 6 0.000000
9 6 0.000000
0 7 0.000000
1 7 0.000000
2 7 0.000000
3 7 0.000000
4 7 0.000000
5 7 0.000000
6 7 0.000000
7 7 0.000000
8 7 0.000000
9 7 0.000000
0 8 0.000000
1 8 0.000000
2 8 0.000000
3 8 0.000000
4 8 0.000000
5 8 0.000000
6 8 0.000000
7 8 0.000000
8 8 0.000000
9 8 0.000000
0 9 0.000000
1 9 0.000000
2 9 0.000000
3 9 0.000000
4 9 0.000000
5 9 0.000000
6 9 0.000000
7 9 0.000000
8 9 0.000000
9 9 0.000000
0 10 0.000000
1 10 0.000000
2 10 0.000000
3 10 0.000000
4 10 0.000000
5 10 0.000000
6 10 0.000000
7 10 0.000000
8 10 0.000000
9 10 0.000000
0 11 0.000000
1 11 0.000000
2 11 0.000000
3 11 0.000000
4 11 0.000000
5 11 0.000000
6 11 0.000000
7 11 0.000000
8 11 0.000000
9 11 2.500000


0 0 20.000000
1 0 5.000000
2 0 0.000000
3 0 0.000000
4 0 0.000000
5 0 0.000000
6 0 0.000000
7 0 0.000000
8 0 0.000000
9 0 0.000000
0 1 5.000000
1 1 0.000000
2 1 0.000000
3 1 0.000000
4 1 0.000000
5 1 0.000000
6 1 0.000000
7 1 0.000000
8 1 0.000000
9 1 0.000000
0 2 0.000000
1 2 0.000000
2 2 0.000000
3 2 0.000000
4 2 0.000000
5 2 0.000000
6 2 0.000000
7 2 0.000000
8 2 0.000000
9 2 0.000000
0 3 0.000000
1 3 0.000000
2 3 0.000000
3 3 0.000000
4 3 0.000000
5 3 0.000000
6 3 0.000000
7 3 0.000000
8 3 0.000000
9 3 0.000000
0 4 0.000000
1 4 0.000000
2 4 0.000000
3 4 0.000000
4 4 0.000000
5 4 0.000000
6 4 0.000000
7 4 0.000000
8 4 0.000000
9 4 0.000000
0 5 0.000000
1 5 0.000000
2 5 0.000000
3 5 0.000000
4 5 0.000000
5 5 0.000000
6 5 0.000000
7 5 0.000000
8 5 0.000000
9 5 0.000000
0 6 0.000000
1 6 0.000000
2 6 0.000000
3 6 0.000000
4 6 0.000000
5 6 0.000000
6 6 0.000000
7 6 0.000000
8 6 0.000000
9 6 0.000000
0 7 0.000000
1 7 0.000000
2 7 0.000000
3 7 0.000000
4 7 0.000000
5 7 0.000000
6 7 0.000000
7 7 0.000000
8 7 0.000000
9 7 0.000000
0 8 0.000000
1 8 0.000000
2 8 0.000000
3 8 0.000000
4 8 0.000000
5 8 0.000000
6 8 0.000000
7 8 0.000000
8 8 0.000000
9 8 0.000000
0 9 0.000000
1 9 0.000000
2 9 0.000000
3 9 0.000000
4 9 0.000000
5 9 0.000000
6 9 0.000000
7 9 0.000000
8 9 0.000000
9 9 0.000000
0 10 0.000000
1 10 0.000000
2 10 0.000000
3 10 0.000000
4 10 0.000000
5 10 0.000000
6 10 0.000000
7 10 0.000000
8 10 0.000000
9 10 0.625000
0 11 0.000000
1 11 0.000000
2 11 0.000000
3 11 0.000000
4 11 0.000000
5 11 0.000000
6 11 0.000000
7 11 0.000000
8 11 0.625000
9 11 3.750000


0 0 20.000000
1 0 6.250000
2 0 1.250000
3 0 0.000000
4 0 0.000000
5 0 0.000000
6 0 0.000000
7 0 0.000000
8 0 0.000000
9 0 0.000000
0 1 6.250000
1 1 2.500000
2 1 0.000000
3 1 0.000000
4 1 0.000000
5 1 0.000000
6 1 0.000000
7 1 0.000000
8 1 0.000000
9 1 0.000000
0 2 1.250000
1 2 0.000000
2 2 0.000000
3 2 0.000000
4 2 0.000000
5 2 0.000000
6 2 0.000000
7 2 0.000000
8 2 0.000000
9 2 0.000000
0 3 0.000000
1 3 0.000000
2 3 0.000000
3 3 0.000000
4 3 0.000000
5 3 0.000000
6 3 0.000000
7 3 0.000000
8 3 0.000000
9 3 0.000000
0 4 0.000000
1 4 0.000000
2 4 0.000000
3 4 0.000000
4 4 0.000000
5 4 0.000000
6 4 0.000000
7 4 0.000000
8 4 0.000000
9 4 0.000000
0 5 0.000000
1 5 0.000000
2 5 0.000000
3 5 0.000000
4 5 0.000000
5 5 0.000000
6 5 0.000000
7 5 0.000000
8 5 0.000000
9 5 0.000000
0 6 0.000000
1 6 0.000000
2 6 0.000000
3 6 0.000000
4 6 0.000000
5 6 0.000000
6 6 0.000000
7 6 0.000000
8 6 0.000000
9 6 0.000000
0 7 0.000000
1 7 0.000000
2 7 0.000000
3 7 0.000000
4 7 0.000000
5 7 0.000000
6 7 0.000000
7 7 0.000000
8 7 0.000000
9 7 0.000000
0 8 0.000000
1 8 0.000000
2 8 0.000000
3 8 0.000000
4 8 0.000000
5 8 0.000000
6 8 0.000000
7 8 0.000000
8 8 0.000000
9 8 0.000000
0 9 0.000000
1 9 0.000000
2 9 0.000000
3 9 0.000000
4 9 0.000000
5 9 0.000000
6 9 0.000000
7 9 0.000000
8 9 0.000000
9 9 0.156250
0 10 0.000000
1 10 0.000000
2 10 0.000000
3 10 0.000000
4 10 0.000000
5 10 0.000000
6 10 0.000000
7 10 0.000000
8 10 0.312500
9 10 1.093750
0 11 0.000000
1 11 0.000000
2 11 0.000000
3 11 0.000000
4 11 0.000000
5 11 0.000000
6 11 0.000000
7 11 0.156250
8 11 1.093750
9 11 4.687500


0 0 20.000000
1 0 7.500000
2 0 1.875000
3 0 0.312500
4 0 0.000000
5 0 0.000000
6 0 0.000000
7 0 0.000000
8 0 0.000000
9 0 0.000000
0 1 7.500000
1 1 3.125000
2 1 0.937500
3 1 0.000000
4 1 0.000000
5 1 0.000000
6 1 0.000000
7 1 0.000000
8 1 0.000000
9 1 0.000000
0 2 1.875000
1 2 0.937500
2 2 0.000000
3 2 0.000000
4 2 0.000000
5 2 0.000000
6 2 0.000000
7 2 0.000000
8 2 0.000000
9 2 0.000000
0 3 0.312500
1 3 0.000000
2 3 0.000000
3 3 0.000000
4 3 0.000000
5 3 0.000000
6 3 0.000000
7 3 0.000000
8 3 0.000000
9 3 0.000000
0 4 0.000000
1 4 0.000000
2 4 0.000000
3 4 0.000000
4 4 0.000000
5 4 0.000000
6 4 0.000000
7 4 0.000000
8 4 0.000000
9 4 0.000000
0 5 0.000000
1 5 0.000000
2 5 0.000000
3 5 0.000000
4 5 0.000000
5 5 0.000000
6 5 0.000000
7 5 0.000000
8 5 0.000000
9 5 0.000000
0 6 0.000000
1 6 0.000000
2 6 0.000000
3 6 0.000000
4 6 0.000000
5 6 0.000000
6 6 0.000000
7 6 0.000000
8 6 0.000000
9 6 0.000000
0 7 0.000000
1 7 0.000000
2 7 0.000000
3 7 0.000000
4 7 0.000000
5 7 0.000000
6 7 0.000000
7 7 0.000000
8 7 0.000000
9 7 0.000000
0 8 0.000000
1 8 0.000000
2 8 0.000000
3 8 0.000000
4 8 0.000000
5 8 0.000000
6 8 0.000000
7 8 0.000000
8 8 0.000000
9 8 0.039062
0 9 0.000000
1 9 0.000000
2 9 0.000000
3 9 0.000000
4 9 0.000000
5 9 0.000000
6 9 0.000000
7 9 0.000000
8 9 0.117188
9 9 0.312500
0 10 0.000000
1 10 0.000000
2 10 0.000000
3 10 0.000000
4 10 0.000000
5 10 0.000000
6 10 0.000000
7 10 0.117188
8 10 0.546875
9 10 1.562500
0 11 0.000000
1 11 0.000000
2 11 0.000000
3 11 0.000000
4 11 0.000000
5 11 0.000000
6 11 0.039062
7 11 0.312500
8 11 1.562500
9 11 5.390625


0 0 20.000000
1 0 8.125000
2 0 2.656250
3 0 0.546875
4 0 0.078125
5 0 0.000000
6 0 0.000000
7 0 0.000000
8 0 0.000000
9 0 0.000000
0 1 8.125000
1 1 4.218750
2 1 1.250000
3 1 0.312500
4 1 0.000000
5 1 0.000000
6 1 0.000000
7 1 0.000000
8 1 0.000000
9 1 0.000000
0 2 2.656250
1 2 1.250000
2 2 0.468750
3 2 0.000000
4 2 0.000000
5 2 0.000000
6 2 0.000000
7 2 0.000000
8 2 0.000000
9 2 0.000000
0 3 0.546875
1 3 0.312500
2 3 0.000000
3 3 0.000000
4 3 0.000000
5 3 0.000000
6 3 0.000000
7 3 0.000000
8 3 0.000000
9 3 0.000000
0 4 0.078125
1 4 0.000000
2 4 0.000000
3 4 0.000000
4 4 0.000000
5 4 0.000000
6 4 0.000000
7 4 0.000000
8 4 0.000000
9 4 0.000000
0 5 0.000000
1 5 0.000000
2 5 0.000000
3 5 0.000000
4 5 0.000000
5 5 0.000000
6 5 0.000000
7 5 0.000000
8 5 0.000000
9 5 0.000000
0 6 0.000000
1 6 0.000000
2 6 0.000000
3 6 0.000000
4 6 0.000000
5 6 0.000000
6 6 0.000000
7 6 0.000000
8 6 0.000000
9 6 0.000000
0 7 0.000000
1 7 0.000000
2 7 0.000000
3 7 0.000000
4 7 0.000000
5 7 0.000000
6 7 0.000000
7 7 0.000000
8 7 0.000000
9 7 0.009766
0 8 0.000000
1 8 0.000000
2 8 0.000000
3 8 0.000000
4 8 0.000000
5 8 0.000000
6 8 0.000000
7 8 0.000000
8 8 0.039062
9 8 0.087891
0 9 0.000000
1 9 0.000000
2 9 0.000000
3 9 0.000000
4 9 0.000000
5 9 0.000000
6 9 0.000000
7 9 0.058594
8 9 0.214844
9 9 0.507812
0 10 0.000000
1 10 0.000000
2 10 0.000000
3 10 0.000000
4 10 0.000000
5 10 0.000000
6 10 0.039062
7 10 0.214844
8 10 0.839844
9 10 1.953125
0 11 0.000000
1 11 0.000000
2 11 0.000000
3 11 0.000000
4 11 0.000000
5 11 0.009766
6 11 0.087891
7 11 0.507812
8 11 1.953125
9 11 5.976562


0 0 20.000000
1 0 8.750000
2 0 3.144531
3 0 0.898438
4 0 0.156250
5 0 0.019531
6 0 0.000000
7 0 0.000000
8 0 0.000000
9 0 0.000000
0 1 8.750000
1 1 4.687500
2 1 1.914062
3 1 0.449219
4 1 0.097656
5 1 0.000000
6 1 0.000000
7 1 0.000000
8 1 0.000000
9 1 0.000000
0 2 3.144531
1 2 1.914062
2 2 0.625000
3 2 0.195312
4 2 0.000000
5 2 0.000000
6 2 0.000000
7 2 0.000000
8 2 0.000000
9 2 0.000000
0 3 0.898438
1 3 0.449219
2 3 0.195312
3 3 0.000000
4 3 0.000000
5 3 0.000000
6 3 0.000000
7 3 0.000000
8 3 0.000000
9 3 0.000000
0 4 0.156250
1 4 0.097656
2 4 0.000000
3 4 0.000000
4 4 0.000000
5 4 0.000000
6 4 0.000000
7 4 0.000000
8 4 0.000000
9 4 0.000000
0 5 0.019531
1 5 0.000000
2 5 0.000000
3 5 0.000000
4 5 0.000000
5 5 0.000000
6 5 0.000000
7 5 0.000000
8 5 0.000000
9 5 0.000000
0 6 0.000000
1 6 0.000000
2 6 0.000000
3 6 0.000000
4 6 0.000000
5 6 0.000000
6 6 0.000000
7 6 0.000000
8 6 0.000000
9 6 0.002441
0 7 0.000000
1 7 0.000000
2 7 0.000000
3 7 0.000000
4 7 0.000000
5 7 0.000000
6 7 0.000000
7 7 0.000000
8 7 0.012207
9 7 0.024414
0 8 0.000000
1 8 0.000000
2 8 0.000000
3 8 0.000000
4 8 0.000000
5 8 0.000000
6 8 0.000000
7 8 0.024414
8 8 0.075684
9 8 0.161133
0 9 0.000000
1 9 0.000000
2 9 0.000000
3 9 0.000000
4 9 0.000000
5 9 0.000000
6 9 0.024414
7 9 0.107422
8 9 0.361328
9 9 0.690918
0 10 0.000000
1 10 0.000000
2 10 0.000000
3 10 0.000000
4 10 0.000000
5 10 0.012207
6 10 0.075684
7 10 0.361328
8 10 1.083984
9 10 2.319336
0 11 0.000000
1 11 0.000000
2 11 0.000000
3 11 0.000000
4 11 0.002441
5 11 0.024414
6 11 0.161133
7 11 0.690918
8 11 2.319336
9 11 6.464844


0 0 20.000000
1 0 9.145508
2 0 3.676758
3 0 1.162109
4 0 0.292969
5 0 0.043945
6 0 0.004883
7 0 0.000000
8 0 0.000000
9 0 0.000000
0 1 9.145508
1 1 5.332031
2 1 2.226562
3 1 0.776367
4 1 0.151367
5 1 0.029297
6 1 0.000000
7 1 0.000000
8 1 0.000000
9 1 0.000000
0 2 3.676758
1 2 2.226562
2 2 1.054688
3 2 0.268555
4 2 0.073242
5 2 0.000000
6 2 0.000000
7 2 0.000000
8 2 0.000000
9 2 0.000000
0 3 1.162109
1 3 0.776367
2 3 0.268555
3 3 0.097656
4 3 0.000000
5 3 0.000000
6 3 0.000000
7 3 0.000000
8 3 0.000000
9 3 0.000000
0 4 0.292969
1 4 0.151367
2 4 0.073242
3 4 0.000000
4 4 0.000000
5 4 0.000000
6 4 0.000000
7 4 0.000000
8 4 0.000000
9 4 0.000000
0 5 0.043945
1 5 0.029297
2 5 0.000000
3 5 0.000000
4 5 0.000000
5 5 0.000000
6 5 0.000000
7 5 0.000000
8 5 0.000000
9 5 0.000610
0 6 0.004883
1 6 0.000000
2 6 0.000000
3 6 0.000000
4 6 0.000000
5 6 0.000000
6 6 0.000000
7 6 0.000000
8 6 0.003662
9 6 0.006714
0 7 0.000000
1 7 0.000000
2 7 0.000000
3 7 0.000000
4 7 0.000000
5 7 0.000000
6 7 0.000000
7 7 0.009155
8 7 0.025024
9 7 0.050049
0 8 0.000000
1 8 0.000000
2 8 0.000000
3 8 0.000000
4 8 0.000000
5 8 0.000000
6 8 0.012207
7 8 0.045776
8 8 0.139771
9 8 0.238037
0 9 0.000000
1 9 0.000000
2 9 0.000000
3 9 0.000000
4 9 0.000000
5 9 0.009155
6 9 0.045776
7 9 0.192871
8 9 0.489502
9 9 0.883179
0 10 0.000000
1 10 0.000000
2 10 0.000000
3 10 0.000000
4 10 0.003662
5 10 0.025024
6 10 0.139771
7 10 0.489502
8 10 1.340332
9 10 2.639771
0 11 0.000000
1 11 0.000000
2 11 0.000000
3 11 0.000610
4 11 0.006714
5 11 0.050049
6 11 0.238037
7 11 0.883179
8 11 2.639771
9 11 6.892090


0 0 20.000000
1 0 9.538574
2 0 4.052734
3 0 1.477051
4 0 0.412598
5 0 0.092773
6 0 0.012207
7 0 0.001221
8 0 0.000000
9 0 0.000000
0 1 9.538574
1 1 5.686035
2 1 2.709961
3 1 0.952148
4 1 0.292969
5 1 0.048828
6 1 0.008545
7 1 0.000000
8 1 0.000000
9 1 0.000000
0 2 4.052734
1 2 2.709961
2 2 1.247559
3 2 0.500488
4 2 0.104980
5 2 0.025635
6 2 0.000000
7 2 0.000000
8 2 0.000000
9 2 0.000000
0 3 1.477051
1 3 0.952148
2 3 0.500488
3 3 0.134277
4 3 0.042725
5 3 0.000000
6 3 0.000000
7 3 0.000000
8 3 0.000000
9 3 0.000000
0 4 0.412598
1 4 0.292969
2 4 0.104980
3 4 0.042725
4 4 0.000000
5 4 0.000000
6 4 0.000000
7 4 0.000000
8 4 0.000000
9 4 0.000153
0 5 0.092773
1 5 0.048828
2 5 0.025635
3 5 0.000000
4 5 0.000000
5 5 0.000000
6 5 0.000000
7 5 0.000000
8 5 0.001068
9 5 0.001831
0 6 0.012207
1 6 0.008545
2 6 0.000000
3 6 0.000000
4 6 0.000000
5 6 0.000000
6 6 0.000000
7 6 0.003204
8 6 0.007935
9 6 0.015259
0 7 0.001221
1 7 0.000000
2 7 0.000000
3 7 0.000000
4 7 0.000000
5 7 0.000000
6 7 0.005341
7 7 0.017700
8 7 0.050659
9 7 0.079956
0 8 0.000000
1 8 0.000000
2 8 0.000000
3 8 0.000000
4 8 0.000000
5 8 0.005341
6 8 0.022888
7 8 0.088501
8 8 0.199585
9 8 0.327759
0 9 0.000000
1 9 0.000000
2 9 0.000000
3 9 0.000000
4 9 0.003204
5 9 0.017700
6 9 0.088501
7 9 0.267639
8 9 0.639038
9 9 1.062622
0 10 0.000000
1 10 0.000000
2 10 0.000000
3 10 0.001068
4 10 0.007935
5 10 0.050659
6 10 0.199585
7 10 0.639038
8 10 1.564636
9 10 2.938843
0 11 0.000000
1 11 0.000000
2 11 0.000153
3 11 0.001831
4 11 0.015259
5 11 0.079956
6 11 0.327759
7 11 1.062622
8 11 2.938843
9 11 7.265930


0 0 20.000000
1 0 9.819336
2 0 4.444580
3 0 1.723633
4 0 0.568848
5 0 0.141602
6 0 0.028687
7 0 0.003357
8 0 0.000305
9 0 0.000000
0 1 9.819336
1 1 6.124268
2 1 2.984619
3 1 1.245117
4 1 0.379639
5 1 0.104980
6 1 0.015259
7 1 0.002441
8 1 0.000000
9 1 0.000000
0 2 4.444580
1 2 2.984619
2 2 1.605225
3 2 0.609741
4 2 0.215454
5 2 0.038452
6 2 0.008545
7 2 0.000000
8 2 0.000000
9 2 0.000000
0 3 1.723633
1 3 1.245117
2 3 0.609741
3 3 0.271606
4 3 0.059814
5 3 0.017090
6 3 0.000000
7 3 0.000000
8 3 0.000000
9 3 0.000038
0 4 0.568848
1 4 0.379639
2 4 0.215454
3 4 0.059814
4 4 0.021362
5 4 0.000000
6 4 0.000000
7 4 0.000000
8 4 0.000305
9 4 0.000496
0 5 0.141602
1 5 0.104980
2 5 0.038452
3 5 0.017090
4 5 0.000000
5 5 0.000000
6 5 0.000000
7 5 0.001068
8 5 0.002441
9 5 0.004578
0 6 0.028687
1 6 0.015259
2 6 0.008545
3 6 0.000000
4 6 0.000000
5 6 0.000000
6 6 0.002136
7 6 0.006409
8 6 0.017548
9 6 0.026245
0 7 0.003357
1 7 0.002441
2 7 0.000000
3 7 0.000000
4 7 0.000000
5 7 0.002670
6 7 0.010147
7 7 0.036926
8 7 0.076294
9 7 0.118408
0 8 0.000305
1 8 0.000000
2 8 0.000000
3 8 0.000000
4 8 0.002136
5 8 0.010147
6 8 0.046921
7 8 0.126953
8 8 0.276489
9 8 0.417480
0 9 0.000000
1 9 0.000000
2 9 0.000000
3 9 0.001068
4 9 0.006409
5 9 0.036926
6 9 0.126953
7 9 0.363770
8 9 0.773621
9 9 1.242065
0 10 0.000000
1 10 0.000000
2 10 0.000305
3 10 0.002441
4 10 0.017548
5 10 0.076294
6 10 0.276489
7 10 0.773621
8 10 1.788940
9 10 3.208008
0 11 0.000000
1 11 0.000038
2 11 0.000496
3 11 0.004578
4 11 0.026245
5 11 0.118408
6 11 0.417480
7 11 1.242065
8 11 3.208008
9 11 7.602386


0 0 20.000000
1 0 10.097046
2 0 4.743042
3 0 1.995544
4 0 0.703430
5 0 0.211029
6 0 0.047226
7 0 0.008698
8 0 0.000916
9 0 0.000076
0 1 10.097046
1 1 6.401978
2 1 3.354797
3 1 1.424408
4 1 0.533600
5 1 0.143738
6 1 0.036163
7 1 0.004654
8 1 0.000687
9 1 0.000000
0 2 4.743042
1 2 3.354797
2 2 1.797180
3 2 0.834351
4 2 0.271912
5 2 0.086517
6 2 0.013428
7 2 0.002747
8 2 0.000000
9 2 0.000010
0 3 1.995544
1 3 1.424408
2 3 0.834351
3 3 0.334778
4 3 0.131378
5 3 0.024567
6 3 0.006409
7 3 0.000000
8 3 0.000086
9 3 0.000134
0 4 0.703430
1 4 0.533600
2 4 0.271912
3 4 0.131378
4 4 0.029907
5 4 0.009613
6 4 0.000000
7 4 0.000343
8 4 0.000734
9 4 0.001354
0 5 0.211029
1 5 0.143738
2 5 0.086517
3 5 0.024567
4 5 0.009613
5 5 0.000000
6 5 0.000801
7 5 0.002213
8 5 0.005875
9 5 0.008440
0 6 0.047226
1 6 0.036163
2 6 0.013428
3 6 0.006409
4 6 0.000000
5 6 0.001202
6 6 0.004139
7 6 0.014420
8 6 0.027847
9 6 0.041695
0 7 0.008698
1 7 0.004654
2 7 0.002747
3 7 0.000000
4 7 0.001202
5 7 0.005074
6 7 0.022163
7 7 0.054951
8 7 0.112343
9 7 0.159607
0 8 0.000916
1 8 0.000687
2 8 0.000000
3 8 0.000801
4 8 0.004139
5 8 0.022163
6 8 0.068550
7 8 0.181026
8 8 0.348587
9 8 0.513611
0 9 0.000076
1 9 0.000000
2 9 0.000343
3 9 0.002213
4 9 0.014420
5 9 0.054951
6 9 0.181026
7 9 0.450287
8 9 0.917816
9 9 1.410294
0 10 0.000000
1 10 0.000086
2 10 0.000734
3 10 0.005875
4 10 0.027847
5 10 0.112343
6 10 0.348587
7 10 0.917816
8 10 1.990814
9 10 3.460350
0 11 0.000010
1 11 0.000134
2 11 0.001354
3 11 0.008440
4 11 0.041695
5 11 0.159607
6 11 0.513611
7 11 1.410294
8 11 3.460350
9 11 7.905197


0 0 20.000000
1 0 10.310516
2 0 5.047607
3 0 2.216606
4 0 0.860901
5 0 0.276356
6 0 0.075779
7 0 0.015373
8 0 0.002594
9 0 0.000267
0 1 10.310516
1 1 6.725922
2 1 3.591652
3 1 1.679573
4 1 0.635872
5 1 0.216827
6 1 0.052261
7 1 0.012074
8 1 0.001392
9 1 0.000193
0 2 5.047607
1 2 3.591652
2 2 2.094574
3 2 0.957069
4 2 0.396461
5 2 0.113411
6 2 0.032959
7 2 0.004520
8 2 0.000882
9 2 0.000036
0 3 2.216606
1 3 1.679573
2 3 0.957069
3 3 0.482864
4 3 0.165291
5 3 0.058479
6 3 0.009499
7 3 0.002396
8 3 0.000217
9 3 0.000396
0 4 0.860901
1 4 0.635872
2 4 0.396461
3 4 0.165291
4 4 0.070496
5 4 0.013618
6 4 0.004292
7 4 0.000737
8 4 0.001915
9 4 0.002666
0 5 0.276356
1 5 0.216827
2 5 0.113411
3 5 0.058479
4 5 0.013618
5 5 0.005307
6 5 0.001588
7 5 0.005360
8 5 0.009809
9 5 0.014341
0 6 0.075779
1 6 0.052261
2 6 0.032959
3 6 0.009499
4 6 0.004606
5 6 0.002303
6 6 0.009646
7 6 0.022287
8 6 0.043583
9 6 0.059397
0 7 0.015373
1 7 0.012074
2 7 0.004520
3 7 0.002789
4 7 0.002303
5 7 0.011683
6 7 0.033178
7 7 0.082488
8 7 0.147748
9 7 0.206814
0 8 0.002594
1 8 0.001392
2 8 0.001144
3 8 0.001588
4 8 0.009646
5 8 0.033178
6 8 0.101595
7 8 0.230594
8 8 0.431199
9 8 0.608025
0 9 0.000248
1 9 0.000298
2 9 0.000737
3 9 0.005360
4 9 0.022287
5 9 0.082488
6 9 0.230594
7 9 0.549421
8 9 1.049995
9 9 1.575518
0 10 0.000043
1 10 0.000217
2 10 0.001915
3 10 0.009809
4 10 0.043583
5 10 0.147748
6 10 0.431199
7 10 1.049995
8 10 2.189083
9 10 3.691664
0 11 0.000038
1 11 0.000396
2 11 0.002666
3 11 0.014341
4 11 0.059397
5 11 0.206814
6 11 0.608025
7 11 1.575518
8 11 3.691664
9 11 8.182774


0 0 20.000000
1 0 10.521011
2 0 5.291595
3 0 2.451172
4 0 0.997434
5 0 0.357466
6 0 0.104942
7 0 0.026455
8 0 0.004907
9 0 0.000830
0 1 10.521011
1 1 6.951084
2 1 3.886919
3 1 1.850300
4 1 0.788441
5 1 0.269475
6 1 0.084410
7 1 0.018387
8 1 0.003936
9 1 0.000472
0 2 5.291595
1 2 3.886919
2 2 2.274361
3 2 1.163368
4 2 0.467911
5 2 0.176182
6 2 0.044923
7 2 0.012078
8 2 0.001541
9 2 0.000377
0 3 2.451172
1 3 1.850300
2 3 1.163368
3 3 0.561180
4 3 0.252075
5 3 0.075455
6 3 0.024531
7 3 0.003743
8 3 0.001397
9 3 0.000829
0 4 0.997434
1 4 0.788441
2 4 0.467911
3 4 0.252075
4 4 0.089455
5 4 0.034643
6 4 0.006360
7 4 0.003490
8 4 0.003357
9 4 0.004829
0 5 0.357466
1 5 0.269475
2 5 0.176182
3 5 0.075455
4 5 0.034722
5 5 0.007782
6 5 0.006151
7 5 0.008605
8 5 0.016299
9 5 0.021553
0 6 0.104942
1 6 0.084410
2 6 0.044923
3 6 0.024709
4 6 0.006931
5 6 0.007811
6 6 0.014839
7 6 0.035269
8 6 0.059810
9 6 0.081034
0 7 0.026455
1 7 0.018387
2 7 0.012242
3 7 0.004478
4 7 0.007181
5 7 0.017741
6 7 0.051353
7 7 0.108452
8 7 0.191021
9 7 0.255496
0 8 0.004902
1 8 0.004027
2 8 0.002059
3 8 0.004735
4 8 0.014839
5 8 0.051353
6 8 0.131886
7 8 0.291176
8 8 0.509090
9 8 0.705389
0 9 0.000796
1 9 0.000648
2 9 0.002179
3 9 0.008605
4 9 0.035269
5 9 0.108452
6 9 0.291176
7 9 0.640295
8 9 1.186305
9 9 1.731300
0 10 0.000136
1 10 0.000663
2 10 0.003357
3 10 0.016299
4 10 0.059810
5 10 0.191021
6 10 0.509090
7 10 1.186305
8 10 2.370830
9 10 3.909760
0 11 0.000129
1 11 0.000829
2 11 0.004829
3 11 0.021553
4 11 0.081034
5 11 0.255496
6 11 0.705389
7 11 1.731300
8 11 3.909760
9 11 8.437219


0 0 20.000000
1 0 10.690923
2 0 5.537674
3 0 2.647625
4 0 1.148628
5 0 0.432329
6 0 0.143318
7 0 0.038673
8 0 0.009032
9 0 0.001760
0 1 10.690923
1 1 7.203965
2 1 4.091835
3 1 2.072475
4 1 0.896280
5 1 0.351624
6 1 0.109432
7 1 0.031720
8 1 0.006327
9 1 0.001404
0 2 5.537674
1 2 4.091835
2 2 2.525144
3 2 1.288438
4 2 0.595016
5 2 0.214441
6 2 0.074300
7 2 0.017149
8 2 0.004447
9 2 0.000805
0 3 2.647625
1 3 2.072475
2 3 1.288438
3 3 0.707722
4 3 0.298500
5 3 0.121858
6 3 0.032620
7 3 0.010374
8 3 0.002367
9 3 0.001858
0 4 1.148628
1 4 0.896280
2 4 0.595016
3 4 0.298500
4 4 0.143379
5 4 0.044763
6 4 0.017204
7 4 0.005516
8 4 0.006504
9 4 0.007642
0 5 0.432329
1 5 0.351624
2 5 0.214441
3 5 0.121922
4 5 0.044906
5 5 0.020832
6 5 0.009397
7 5 0.015303
8 5 0.023331
9 5 0.030929
0 6 0.143318
1 6 0.109432
2 6 0.074385
3 6 0.032946
4 6 0.018606
5 6 0.011823
6 6 0.025146
7 6 0.047927
8 6 0.080906
9 6 0.104473
0 7 0.038671
1 7 0.031783
2 7 0.017462
3 7 0.012217
4 7 0.010997
5 7 0.029424
6 7 0.068229
7 7 0.142205
8 7 0.233212
9 7 0.308235
0 8 0.009045
1 8 0.006499
2 8 0.005796
3 8 0.007495
4 8 0.024635
5 8 0.068229
6 8 0.171264
7 8 0.347431
8 8 0.593473
9 8 0.800319
0 9 0.001621
1 9 0.001916
2 9 0.003667
3 9 0.014621
4 9 0.047927
5 9 0.142205
6 9 0.347431
7 9 0.738741
8 9 1.312879
9 9 1.883188
0 10 0.000431
1 10 0.001243
2 10 0.005993
3 10 0.023331
4 10 0.080906
5 10 0.233212
6 10 0.593473
7 10 1.312879
8 10 2.548032
9 10 4.112277
0 11 0.000306
1 11 0.001612
2 11 0.007642
3 11 0.030929
4 11 0.104473
5 11 0.308235
6 11 0.800319
7 11 1.883188
8 11 4.112277
9 11 8.673489


0 0 20.000000
1 0 10.858141
2 0 5.742014
3 0 2.851601
4 0 1.281216
5 0 0.518975
6 0 0.180938
7 0 0.055686
8 0 0.013948
9 0 0.003489
0 1 10.858141
1 1 7.391379
2 1 4.334815
3 1 2.231044
4 1 1.041936
5 1 0.413120
6 1 0.150241
7 1 0.042895
8 1 0.011650
9 1 0.002574
0 2 5.742014
1 2 4.334815
2 2 2.690136
3 2 1.475089
4 2 0.674415
5 2 0.285700
6 2 0.093410
7 2 0.030210
8 2 0.006662
9 2 0.002128
0 3 2.851601
1 3 2.231044
2 3 1.475089
3 3 0.793469
4 3 0.391994
5 3 0.147581
6 3 0.055934
7 3 0.014413
8 3 0.005796
9 3 0.003168
0 4 1.281216
1 4 1.041936
2 4 0.674415
3 4 0.392010
4 4 0.171667
5 4 0.075818
6 4 0.023074
7 4 0.012346
8 4 0.009714
9 4 0.011733
0 5 0.518975
1 5 0.413120
2 5 0.285737
3 5 0.147698
4 5 0.076185
5 5 0.027722
6 5 0.019621
7 5 0.021543
8 5 0.033410
9 5 0.041594
0 6 0.180938
1 6 0.150278
2 6 0.093570
3 6 0.056782
4 6 0.025168
5 6 0.023502
6 6 0.034344
7 6 0.065890
8 6 0.102236
9 6 0.131136
0 7 0.055705
1 7 0.043016
2 7 0.031045
3 7 0.017225
4 7 0.021220
5 7 0.039820
6 7 0.092010
7 7 0.174200
8 7 0.281205
9 7 0.361560
0 8 0.013959
1 8 0.012135
2 8 0.008781
3 8 0.014317
4 8 0.033662
5 8 0.091882
6 8 0.207830
7 8 0.411421
8 8 0.673460
9 8 0.896304
0 9 0.003253
1 9 0.003258
2 9 0.007081
3 9 0.020605
4 9 0.065591
5 9 0.174200
6 9 0.411421
7 9 0.830155
8 9 1.440859
9 9 2.027166
0 10 0.000900
1 10 0.002488
2 10 0.008971
3 10 0.033112
4 10 0.102236
5 10 0.281205
6 10 0.673460
7 10 1.440859
8 10 2.712578
9 10 4.304247
0 11 0.000664
1 11 0.002701
2 11 0.011544
3 11 0.041594
4 11 0.131136
5 11 0.361560
6 11 0.896304
7 11 2.027166
8 11 4.304247
9 11 8.892883


0 0 20.000000
1 0 10.997883
2 0 5.946643
3 0 3.026469
4 0 1.423432
5 0 0.598562
6 0 0.226460
7 0 0.073367
8 0 0.021193
9 0 0.005875
0 1 10.997883
1 1 7.596478
2 1 4.513644
3 1 2.425860
4 1 1.149949
5 1 0.499213
6 1 0.182591
7 1 0.061947
8 1 0.016520
9 1 0.004960
0 2 5.946643
1 2 4.513644
2 2 2.904952
3 2 1.597266
4 2 0.798680
5 2 0.332132
6 2 0.130521
7 2 0.039345
8 2 0.012446
9 2 0.003633
0 3 3.026469
1 3 2.425860
2 3 1.597266
3 3 0.933545
4 3 0.446783
5 3 0.202361
6 3 0.069620
7 3 0.026072
8 3 0.008489
9 3 0.005706
0 4 1.423432
1 4 1.149949
2 4 0.798693
3 4 0.446812
4 4 0.234002
5 4 0.092511
6 4 0.040930
7 4 0.017186
8 4 0.015821
9 4 0.016552
0 5 0.598562
1 5 0.499231
2 5 0.332201
3 5 0.202678
4 5 0.093064
5 5 0.048781
6 5 0.026671
7 5 0.032817
8 5 0.043772
9 5 0.054468
0 6 0.226474
1 6 0.182661
2 6 0.130961
3 6 0.070915
4 6 0.044422
5 6 0.031763
6 6 0.050256
7 6 0.083081
8 6 0.127910
9 6 0.159131
0 7 0.073404
1 7 0.062291
2 7 0.040648
3 7 0.030841
4 7 0.028969
5 7 0.057154
6 7 0.114048
7 7 0.212631
8 7 0.327864
9 7 0.417551
0 8 0.021263
1 8 0.017253
2 8 0.016145
3 8 0.020068
4 8 0.048253
5 8 0.113878
6 8 0.251683
7 8 0.471411
8 8 0.757447
9 8 0.989622
0 9 0.005342
1 9 0.006239
2 9 0.010404
3 9 0.030025
4 9 0.082676
5 9 0.212525
6 9 0.471411
7 9 0.926140
8 9 1.560840
9 9 2.167144
0 10 0.001826
1 10 0.003957
2 10 0.013556
3 10 0.043351
4 10 0.127761
5 10 0.327864
6 10 0.757447
7 10 1.560840
8 10 2.872553
9 10 4.484218
0 11 0.001232
1 11 0.004349
2 11 0.016202
3 11 0.054346
4 11 0.159131
5 11 0.417551
6 11 0.989622
7 11 2.167144
8 11 4.484218
9 11 9.098565


0 0 20.000000
1 0 11.135251
2 0 6.121160
3 0 3.205601
4 0 1.549603
5 0 0.686917
6 0 0.270245
7 0 0.095742
8 0 0.029239
9 0 0.009476
0 1 11.135251
1 1 7.755763
2 1 4.718483
3 1 2.571832
4 1 1.286796
5 1 0.565808
6 1 0.229535
7 1 0.077956
8 1 0.025137
9 1 0.007747
0 2 6.121160
1 2 4.718483
2 2 3.055455
3 2 1.765759
4 2 0.881532
5 2 0.407694
6 2 0.155922
7 2 0.057746
8 2 0.016997
9 2 0.006686
0 3 3.205601
1 3 2.571832
2 3 1.765763
3 3 1.022032
4 3 0.542147
5 3 0.235261
6 3 0.099971
7 3 0.033660
8 3 0.015011
9 3 0.008595
0 4 1.549603
1 4 1.286804
2 4 0.881557
3 4 0.542230
4 4 0.269793
5 4 0.131519
6 4 0.051497
7 4 0.028910
8 4 0.021500
9 4 0.023137
0 5 0.686925
1 5 0.565843
2 5 0.407891
3 5 0.235748
4 5 0.132471
5 5 0.061002
6 5 0.043196
7 5 0.042677
8 5 0.057754
9 5 0.068481
0 6 0.270275
1 6 0.229739
2 6 0.156606
3 6 0.102226
4 6 0.056178
5 6 0.050153
6 6 0.063891
7 6 0.105903
8 6 0.153462
9 6 0.189765
0 7 0.095858
1 7 0.078492
2 7 0.060059
3 7 0.040150
4 7 0.045167
5 7 0.072165
6 7 0.142931
7 7 0.249101
8 7 0.378885
9 7 0.473542
0 8 0.029316
1 8 0.026484
2 8 0.022093
3 8 0.031316
4 8 0.061398
5 8 0.142404
6 8 0.292687
7 8 0.536975
8 8 0.837434
9 8 1.082941
0 9 0.008668
1 9 0.009239
2 9 0.016491
3 9 0.039125
4 9 0.104641
5 9 0.248957
6 9 0.536949
7 9 1.016125
8 9 1.680821
9 9 2.300456
0 10 0.003090
1 10 0.006493
2 10 0.018479
3 10 0.056422
4 10 0.153256
5 10 0.378821
6 10 0.837434
7 10 1.680821
8 10 3.022529
9 10 4.655620
0 11 0.002160
1 11 0.006435
2 11 0.022114
3 11 0.068258
4 11 0.189697
5 11 0.473542
6 11 1.082941
7 11 2.300456
8 11 4.655620
9 11 9.291392


0 0 20.000000
1 0 11.253043
2 0 6.295124
3 0 3.362049
4 0 1.682229
5 0 0.768143
6 0 0.320610
7 0 0.118295
8 0 0.039898
9 0 0.013984
0 1 11.253043
1 1 7.926867
2 1 4.876052
3 1 2.744160
4 1 1.392194
5 1 0.652735
6 1 0.267483
7 1 0.102040
8 1 0.032984
9 1 0.012261
0 2 6.295124
1 2 4.876052
2 2 3.242122
3 2 1.882713
4 2 1.000599
5 2 0.459631
6 2 0.198737
7 2 0.071134
8 2 0.026145
9 2 0.010006
0 3 3.362049
1 3 2.744163
2 3 1.882719
3 3 1.153975
4 3 0.602155
5 3 0.295333
6 3 0.119085
7 3 0.050410
8 3 0.020188
9 3 0.013358
0 4 1.682233
1 4 1.392209
2 4 1.000672
3 4 0.602282
4 4 0.337092
5 4 0.154388
6 4 0.075899
7 4 0.037334
8 4 0.031203
9 4 0.030428
0 5 0.768162
1 5 0.652840
2 5 0.459939
3 5 0.296204
4 5 0.155680
5 5 0.089335
6 5 0.054767
7 5 0.058941
8 5 0.071530
9 5 0.084784
0 6 0.320699
1 6 0.267804
2 6 0.199979
3 6 0.122171
4 6 0.082504
5 6 0.063309
6 6 0.085546
7 6 0.127283
8 6 0.183077
9 6 0.221312
0 7 0.118485
1 7 0.103035
2 7 0.074335
3 7 0.059692
4 7 0.057473
5 7 0.095164
6 7 0.169461
7 7 0.291174
8 7 0.428385
9 7 0.531283
0 8 0.040081
1 8 0.034785
2 8 0.033588
3 8 0.040691
4 8 0.080882
5 8 0.168802
6 8 0.339815
7 8 0.598837
8 8 0.919905
9 8 1.173593
0 9 0.012578
1 9 0.014534
2 9 0.022234
3 9 0.052218
4 9 0.125684
5 9 0.290703
6 9 0.598801
7 9 1.108891
8 9 1.794136
9 9 2.429959
0 10 0.005103
1 10 0.009311
2 10 0.025380
3 10 0.069779
4 10 0.182395
5 10 0.428297
6 10 0.919883
7 10 1.794136
8 10 3.168220
9 10 4.817499
0 11 0.003461
1 11 0.009300
2 11 0.028821
3 11 0.084123
4 11 0.221188
5 11 0.531250
6 11 1.173593
7 11 2.429959
8 11 4.817499
9 11 9.473506


0 0 20.000000
1 0 11.368759
2 0 6.446567
3 0 3.520890
4 0 1.801154
5 0 0.855929
6 0 0.368633
7 0 0.145211
8 0 0.051290
9 0 0.020032
0 1 11.368759
1 1 8.064548
2 1 5.052068
3 1 2.878252
4 1 1.519931
5 1 0.721863
6 1 0.318530
7 1 0.122474
8 1 0.045086
9 1 0.017309
0 2 6.446567
1 2 5.052069
2 2 3.379384
3 2 2.035214
4 2 1.084173
5 2 0.536851
6 2 0.229333
7 2 0.094333
8 2 0.033578
9 2 0.015443
0 3 3.520892
1 3 2.878257
2 3 2.035233
3 3 1.242467
4 3 0.696749
5 3 0.333815
6 3 0.155094
7 3 0.061935
8 3 0.030279
9 3 0.018495
0 4 1.801163
1 4 1.519977
2 4 1.084287
3 4 0.696986
4 4 0.378626
5 4 0.199414
6 4 0.091393
7 4 0.054113
8 4 0.039870
9 4 0.039943
0 5 0.855983
1 5 0.722028
2 5 0.537424
3 5 0.335018
4 5 0.201284
5 5 0.107036
6 5 0.077430
7 5 0.072728
8 5 0.089501
9 5 0.102014
0 6 0.368788
1 6 0.319138
2 6 0.231062
3 6 0.159595
4 6 0.099658
5 6 0.088137
6 6 0.103705
7 6 0.154684
8 6 0.212127
9 6 0.255114
0 7 0.145575
1 7 0.123852
2 7 0.099073
3 7 0.073668
4 7 0.079561
5 7 0.114761
6 7 0.202924
7 7 0.330991
8 7 0.481360
9 7 0.588643
0 8 0.051482
1 8 0.047810
2 8 0.043011
3 8 0.056595
4 8 0.098162
5 8 0.201641
6 8 0.383975
7 8 0.664946
8 8 0.998738
9 8 1.263685
0 9 0.018074
1 9 0.019727
2 9 0.031430
3 9 0.064597
4 9 0.151550
5 9 0.330396
6 9 0.664823
7 9 1.196478
8 9 1.906744
9 9 2.553797
0 10 0.007613
1 10 0.013579
2 10 0.032536
3 10 0.086029
4 10 0.211237
5 10 0.481058
6 10 0.998707
7 10 1.906738
8 10 3.305818
9 10 4.972296
0 11 0.005331
1 11 0.012723
2 11 0.036906
3 11 0.100978
4 11 0.254739
5 11 0.588582
6 11 1.263671
7 11 2.553797
8 11 4.972296
9 11 9.645502


0 0 20.000000
1 0 11.469968
2 0 6.597071
3 0 3.661716
4 0 1.924476
5 0 0.936895
6 0 0.422076
7 0 0.171902
8 0 0.065405
9 0 0.027166
0 1 11.469968
1 1 8.210413
2 1 5.192188
3 1 3.032026
4 1 1.621360
5 1 0.807810
6 1 0.360576
7 1 0.150790
8 1 0.056163
9 1 0.024467
0 2 6.597072
1 2 5.192189
2 2 3.543646
3 2 2.146069
4 2 1.197186
5 2 0.592296
6 2 0.276202
7 2 0.111830
8 2 0.046285
9 2 0.021206
0 3 3.661720
1 3 3.032043
2 3 2.146099
3 3 1.366045
4 3 0.759770
5 3 0.397027
6 3 0.179119
7 3 0.083455
8 3 0.038470
9 3 0.026040
0 4 1.924504
1 4 1.621434
2 4 1.197405
3 4 0.760100
4 4 0.448608
5 4 0.227718
6 4 0.121513
7 4 0.066482
8 4 0.053459
9 4 0.050080
0 5 0.936991
1 5 0.808131
2 5 0.593099
3 5 0.398822
4 5 0.230085
5 5 0.141566
6 5 0.093716
7 5 0.093932
8 5 0.106685
9 5 0.121643
0 6 0.422371
1 6 0.361433
2 6 0.278808
3 6 0.184851
4 6 0.132144
5 6 0.106290
6 6 0.130794
7 6 0.179888
8 6 0.245165
9 6 0.289475
0 7 0.172424
1 7 0.152899
2 7 0.117898
3 7 0.098706
4 7 0.096562
5 7 0.143066
6 7 0.233358
7 7 0.375979
8 7 0.532625
9 7 0.647201
0 8 0.065735
1 8 0.059518
2 8 0.058727
3 8 0.069860
4 8 0.122337
5 8 0.231824
6 8 0.433584
7 8 0.727545
8 8 1.079184
9 8 1.351216
0 9 0.024224
1 9 0.027723
2 9 0.039968
3 9 0.081401
4 9 0.176098
5 9 0.374768
6 9 0.727389
7 9 1.285813
8 9 2.013708
9 9 2.674131
0 10 0.011149
1 10 0.018150
2 10 0.041986
3 10 0.102337
4 10 0.243344
5 10 0.532231
6 10 1.079073
7 10 2.013700
8 10 3.439519
9 10 5.119353
0 11 0.007750
1 11 0.017135
2 11 0.045786
3 11 0.119663
4 11 0.288884
5 11 0.647013
6 11 1.351189
7 11 2.674126
8 11 5.119353
9 11 9.808899


0 0 20.000000
1 0 11.569363
2 0 6.730236
3 0 3.803822
4 0 2.036112
5 0 1.022814
6 0 0.472862
7 0 0.202543
8 0 0.080159
9 0 0.036051
0 1 11.569363
1 1 8.331078
2 1 5.345789
3 1 3.155333
4 1 1.740375
5 1 0.877782
6 1 0.414220
7 1 0.175118
8 1 0.071737
9 1 0.032251
0 2 6.730237
1 2 5.345793
2 2 3.669136
3 2 2.284726
4 2 1.279874
5 2 0.669557
6 2 0.310955
7 2 0.139183
8 2 0.056917
9 2 0.029500
0 3 3.803834
1 3 3.155360
2 3 2.284785
3 3 1.453009
4 3 0.852217
5 3 0.439726
6 3 0.219549
7 3 0.098975
8 3 0.052310
9 3 0.033949
0 4 2.036162
1 4 1.740520
2 4 1.280183
3 4 0.852720
4 4 0.494418
5 4 0.277179
6 4 0.141758
7 4 0.088090
8 4 0.065429
9 4 0.062806
0 5 1.022999
1 5 0.878239
2 5 0.670791
3 5 0.442034
4 5 0.280285
5 5 0.164452
6 5 0.121951
7 5 0.111693
8 5 0.128550
9 5 0.141971
0 6 0.473305
1 6 0.415552
2 6 0.314320
3 6 0.227120
4 6 0.154447
5 6 0.136893
6 6 0.153313
7 6 0.211467
8 6 0.277168
9 6 0.325871
0 7 0.203358
1 7 0.177818
2 7 0.147285
3 7 0.117293
4 7 0.124063
5 7 0.167008
6 7 0.270856
7 7 0.418354
8 7 0.586882
9 7 0.705129
0 8 0.080476
1 8 0.076271
2 8 0.071811
3 8 0.090293
4 8 0.143586
5 8 0.268438
6 8 0.480029
7 8 0.793640
8 8 1.156273
9 8 1.437933
0 9 0.032208
1 9 0.035465
2 9 0.052459
3 9 0.097066
4 9 0.205462
5 9 0.416885
6 9 0.793309
7 9 1.370585
8 9 2.119662
9 9 2.789602
0 10 0.015318
1 10 0.024498
2 10 0.051560
3 10 0.121598
4 10 0.274887
5 10 0.586049
6 10 1.156127
7 10 2.119633
8 10 3.566528
9 10 5.260475
0 11 0.010946
1 11 0.022205
2 11 0.056143
3 11 0.139168
4 11 0.324726
5 11 0.704829
6 11 1.437850
7 11 2.789592
8 11 5.260474
9 11 9.964126


0 0 20.000000
1 0 11.657669
2 0 6.862303
3 0 3.931376
4 0 2.150781
5 0 1.102392
6 0 0.528110
7 0 0.232670
8 0 0.097622
9 0 0.046128
0 1 11.657670
1 1 8.457577
2 1 5.471446
3 1 3.293678
4 1 1.837275
5 1 0.961741
6 1 0.459179
7 1 0.206921
8 1 0.086111
9 1 0.042385
0 2 6.862307
1 2 5.471453
2 2 3.815273
3 2 2.389338
4 2 1.386718
5 2 0.727084
6 2 0.360627
7 2 0.160491
8 2 0.073182
9 2 0.038154
0 3 3.931399
1 3 3.293733
2 3 2.389422
3 3 1.568612
4 3 0.916757
5 3 0.504625
6 3 0.247854
7 3 0.124783
8 3 0.063818
9 3 0.044641
0 4 2.150879
1 4 1.837486
2 4 1.387204
3 4 0.917411
4 4 0.565600
5 4 0.310089
6 4 0.176692
7 4 0.104464
8 4 0.082939
9 4 0.076039
0 5 1.102676
1 5 0.962466
2 5 0.728694
3 5 0.507729
4 5 0.313838
5 5 0.204077
6 5 0.142804
7 5 0.137515
8 5 0.149065
9 5 0.164799
0 6 0.528803
1 6 0.460921
2 6 0.365187
3 6 0.257023
4 6 0.192090
5 6 0.159805
6 6 0.185292
7 6 0.240132
8 6 0.313193
9 6 0.362535
0 7 0.233739
1 7 0.210616
2 7 0.170311
3 7 0.147190
4 7 0.145584
5 7 0.200062
6 7 0.304676
7 7 0.465711
8 7 0.639231
9 7 0.763954
0 8 0.098078
1 8 0.091393
2 8 0.091577
3 8 0.107439
4 8 0.172064
5 8 0.301877
6 8 0.531561
7 8 0.856311
8 8 1.234529
9 8 1.522234
0 9 0.040867
1 9 0.046359
2 9 0.063976
3 9 0.117453
4 9 0.233106
5 9 0.463315
6 9 0.855907
7 9 1.456561
8 9 2.220747
9 9 2.901918
0 10 0.020743
1 10 0.031137
2 10 0.063675
3 10 0.140670
4 10 0.309459
5 10 0.638182
6 10 1.234210
7 10 2.220708
8 10 3.690061
9 10 5.395183
0 11 0.014854
1 11 0.028448
2 11 0.067269
3 11 0.160409
4 11 0.360903
5 11 0.763364
6 11 1.522100
7 11 2.901887
8 11 5.395180
9 11 5.112301


0 0 20.000000
1 0 11.744387
2 0 6.980698
3 0 4.059534
4 0 2.255456
5 0 1.185756
6 0 0.580588
7 0 0.266331
8 0 0.115633
9 0 0.058066
0 1 11.744389
1 1 8.564560
2 1 5.607208
3 1 3.407359
4 1 1.948230
5 1 1.031483
6 1 0.514350
7 1 0.234613
8 1 0.105027
9 1 0.053194
0 2 6.980707
1 2 5.607223
2 2 3.930415
3 2 2.516070
4 2 1.467614
5 2 0.803428
6 2 0.398652
7 2 0.191378
8 2 0.087143
9 2 0.049591
0 3 4.059579
1 3 3.407440
2 3 2.516206
3 3 1.653232
4 3 1.006389
5 3 0.550446
6 3 0.291682
7 3 0.144157
8 3 0.081386
9 3 0.055663
0 4 2.255610
1 4 1.948570
2 4 1.468253
3 4 1.007286
4 4 0.614523
5 4 0.362749
6 4 0.201302
7 4 0.130482
8 4 0.098346
9 4 0.092104
0 5 1.186206
1 5 1.032444
2 5 0.805646
3 5 0.554242
4 5 0.367374
5 5 0.231634
6 5 0.175894
7 5 0.159116
8 5 0.174611
9 5 0.188109
0 6 0.581535
1 6 0.516768
2 6 0.404237
3 6 0.303049
4 6 0.219062
5 6 0.195380
6 6 0.211854
7 6 0.275428
8 6 0.347741
9 6 0.401120
0 7 0.267809
1 7 0.239091
2 7 0.203643
3 7 0.170089
4 7 0.177852
5 7 0.227985
6 7 0.345657
7 7 0.510087
8 7 0.694347
9 7 0.821988
0 8 0.116019
1 8 0.111658
2 8 0.108279
3 8 0.132071
4 8 0.197001
5 8 0.341751
6 8 0.579693
7 8 0.922090
8 8 1.309631
9 8 1.605659
0 9 0.051512
1 9 0.056843
2 9 0.079766
3 9 0.136298
4 9 0.265573
5 9 0.507268
6 9 0.921412
7 9 1.538418
8 9 2.320767
9 9 3.010021
0 10 0.026900
1 10 0.039806
2 10 0.075763
3 10 0.162749
4 10 0.343215
5 10 0.692587
6 10 1.309224
7 10 2.320680
8 10 3.807955
9 10 4.274866
0 11 0.019725
1 11 0.035427
2 11 0.079950
3 11 0.182313
4 11 0.398533
5 11 0.821137
6 11 1.605390
7 11 3.009969
8 11 4.274857
9 11 2.753741


0 0 20.000000
1 0 11.822411
2 0 7.097957
3 0 4.175762
4 0 2.362244
5 0 1.263321
6 0 0.636756
7 0 0.299291
8 0 0.136264
9 0 0.071240
0 1 11.822414
1 1 8.675802
2 1 5.720758
3 1 3.532760
4 1 2.040478
5 1 1.112941
6 1 0.561334
7 1 0.269272
8 1 0.122646
9 1 0.066470
0 2 7.097974
1 2 5.720780
2 2 4.061677
3 2 2.614655
4 2 1.568529
5 2 0.862048
6 2 0.450209
7 2 0.216141
8 2 0.106846
9 2 0.061398
0 3 4.175834
1 3 3.532895
2 3 2.614835
3 3 1.761488
4 3 1.071454
5 3 0.616062
6 3 0.323639
7 3 0.173732
8 3 0.096327
9 3 0.069686
0 4 2.362491
1 4 2.040937
2 4 1.569427
3 4 1.072563
4 4 0.685950
5 4 0.399476
6 4 0.240202
7 4 0.150730
8 4 0.119646
9 4 0.108556
0 5 1.263949
1 5 1.114298
2 5 0.864794
3 5 0.620839
4 5 0.404865
5 5 0.275349
6 5 0.200977
7 5 0.189104
8 5 0.198328
9 5 0.213986
0 6 0.638080
1 6 0.564327
2 6 0.457277
3 6 0.336908
4 6 0.260914
5 6 0.222634
6 6 0.248090
7 6 0.307200
8 6 0.386376
9 6 0.439740
0 7 0.301113
1 7 0.274969
2 7 0.230424
3 7 0.204154
4 7 0.203535
5 7 0.265160
6 7 0.382405
7 7 0.559380
8 7 0.747362
9 7 0.880778
0 8 0.136749
1 8 0.130058
2 8 0.131784
3 8 0.152917
4 8 0.229312
5 8 0.377987
6 8 0.632727
7 8 0.984457
8 8 1.385716
9 8 1.686825
0 9 0.062818
1 9 0.070685
2 9 0.094296
3 9 0.160040
4 9 0.295946
5 9 0.555330
6 9 0.983651
7 9 1.621237
8 9 2.416506
9 9 2.802828
0 10 0.034486
1 10 0.048733
2 10 0.090568
3 10 0.184397
4 10 0.379861
5 10 0.745211
6 10 1.385017
7 10 2.416392
8 10 3.297792
9 10 3.461646
0 11 0.025444
1 11 0.043727
2 11 0.093363
3 11 0.205886
4 11 0.436300
5 11 0.879412
6 11 1.686430
7 11 2.802724
8 11 3.461630
9 11 1.014301


0 0 20.000000
1 0 11.899042
2 0 7.204222
3 0 4.292181
4 0 2.460451
5 0 1.343815
6 0 0.690175
7 0 0.335396
8 0 0.157360
9 0 0.086303
0 1 11.899047
1 1 8.771591
2 1 5.842049
3 1 3.637913
4 1 2.144119
5 1 1.181795
6 1 0.617294
7 1 0.299853
8 1 0.144713
9 1 0.080438
0 2 7.204251
1 2 5.842087
2 2 4.167757
3 2 2.731114
4 2 1.647159
5 2 0.936935
6 2 0.490791
7 2 0.250015
8 2 0.124128
9 2 0.076100
0 3 4.292299
1 3 3.638097
2 3 2.731372
3 3 1.843377
4 3 1.158007
5 3 0.664154
6 3 0.370051
7 3 0.196710
8 3 0.117477
9 3 0.083992
0 4 2.460803
1 4 2.144778
2 4 1.648282
3 4 1.159426
4 4 0.737090
5 4 0.454391
6 4 0.268706
7 4 0.180671
8 4 0.138485
9 4 0.127969
0 5 1.344704
1 5 1.183502
2 5 0.940460
3 5 0.669782
4 5 0.460763
5 5 0.306988
6 5 0.238186
7 5 0.214309
8 5 0.227278
9 5 0.240152
0 6 0.691867
1 6 0.621156
2 6 0.499113
3 6 0.385796
4 6 0.291985
5 6 0.262378
6 6 0.278304
7 6 0.345738
8 6 0.423157
9 6 0.480220
0 7 0.337728
1 7 0.306481
2 7 0.267046
3 7 0.230946
4 7 0.239885
5 7 0.296640
6 7 0.426339
7 7 0.605356
8 7 0.803063
9 7 0.938676
0 8 0.157685
1 8 0.153547
2 8 0.151924
3 8 0.181322
4 8 0.257596
5 8 0.420632
6 8 0.682125
7 8 1.049765
8 8 1.458787
9 8 1.689037
0 9 0.076185
1 9 0.083976
2 9 0.113269
3 9 0.181889
4 9 0.331136
5 9 0.600699
6 9 1.048578
7 9 1.700251
8 9 2.276893
9 9 2.591951
0 10 0.042870
1 10 0.059866
2 10 0.105197
3 10 0.209089
4 10 0.415463
5 10 0.799905
6 10 1.457921
7 10 2.276693
8 10 2.939043
9 10 2.644142
0 11 0.032275
1 11 0.052817
2 11 0.108386
3 11 0.229987
4 11 0.475365
5 11 0.936838
6 11 1.688396
7 11 2.591794
8 11 2.644112
9 11 -0.262030


0 0 20.000000
1 0 11.968714
2 0 7.309374
3 0 4.398692
4 0 2.560141
5 0 1.419059
6 0 0.746670
7 0 0.370696
8 0 0.180943
9 0 0.102601
0 1 11.968722
1 1 8.870556
2 1 5.945371
3 1 3.752365
4 1 2.231829
5 1 1.260541
6 1 0.665654
7 1 0.336854
8 1 0.165445
9 1 0.096889
0 2 7.309421
1 2 5.945424
2 2 4.286655
3 2 2.824051
4 2 1.742544
5 2 0.995975
6 2 0.543574
7 2 0.277870
8 2 0.147076
9 2 0.091164
0 3 4.398862
1 3 3.752634
2 3 2.824378
3 3 1.944980
4 3 1.222945
5 3 0.729846
6 3 0.405090
7 3 0.229554
8 3 0.135829
9 3 0.101384
0 4 2.560646
1 4 2.232671
2 4 1.744009
3 4 1.224633
4 4 0.808147
5 4 0.494234
6 4 0.310825
7 4 0.204552
8 4 0.163349
9 4 0.147650
0 5 1.420219
1 5 1.262775
2 5 1.000170
3 5 0.736611
4 5 0.501461
5 5 0.353929
6 5 0.267077
7 5 0.247968
8 5 0.254026
9 5 0.268905
0 6 0.748864
1 6 0.670241
2 6 0.553614
3 6 0.422957
4 6 0.337205
5 6 0.293479
6 6 0.318160
7 6 0.380281
8 6 0.464075
9 6 0.520552
0 7 0.373440
1 7 0.344869
2 7 0.297116
3 7 0.268512
4 7 0.269292
5 7 0.337309
6 7 0.465606
7 7 0.656226
8 7 0.856494
9 7 0.977749
0 8 0.181286
1 8 0.175016
2 8 0.178796
3 8 0.205589
4 8 0.293244
5 8 0.459265
6 8 0.736329
7 8 1.111630
8 8 1.454690
9 8 1.669613
0 9 0.090179
1 9 0.100717
2 9 0.130747
3 9 0.208704
4 9 0.363912
5 9 0.650063
6 9 1.110249
7 9 1.662982
8 9 2.172508
9 9 2.300506
0 10 0.052799
1 10 0.071215
2 10 0.122653
3 10 0.233134
4 10 0.453873
5 10 0.852730
6 10 1.453393
7 10 2.172252
8 10 2.460460
9 10 1.978276
0 11 0.040059
1 11 0.063336
2 11 0.124097
3 11 0.255706
4 11 0.514413
5 11 0.975126
6 11 1.668737
7 11 2.300249
8 11 1.978230
9 11 -1.308952


0 0 20.000000
1 0 12.037161
2 0 7.405537
3 0 4.505143
4 0 2.652430
5 0 1.496603
6 0 0.800520
7 0 0.408791
8 0 0.204921
9 0 0.120759
0 1 12.037175
1 1 8.957058
2 1 6.054738
3 1 3.849986
4 1 2.328898
5 1 1.328129
6 1 0.721910
7 1 0.369916
8 1 0.190441
9 1 0.114025
0 2 7.405607
1 2 6.054817
2 2 4.384806
3 2 2.931636
4 2 1.818700
5 2 1.069126
6 2 0.586147
7 2 0.314265
8 2 0.167577
9 2 0.109128
0 3 4.505391
1 3 3.850334
2 3 2.932069
3 3 2.024002
4 3 1.306379
5 3 0.779561
6 3 0.453450
7 3 0.255835
8 3 0.160341
9 3 0.119007
0 4 2.653099
1 4 2.330016
2 4 1.820463
3 4 1.308437
4 4 0.860818
5 4 0.550687
6 4 0.342738
7 4 0.237924
8 4 0.185514
9 4 0.170322
0 5 1.498126
1 5 1.330825
2 5 1.074252
3 5 0.787305
4 5 0.558973
5 5 0.389063
6 5 0.307721
7 5 0.276484
8 5 0.286074
9 5 0.297783
0 6 0.803191
1 6 0.727531
2 6 0.597621
3 6 0.473986
4 6 0.371797
5 6 0.336651
6 6 0.351611
7 6 0.421607
8 6 0.502838
9 6 0.557820
0 7 0.412115
1 7 0.378953
2 7 0.336448
3 7 0.298738
4 7 0.309067
5 7 0.371911
6 7 0.512006
7 7 0.703503
8 7 0.888185
9 7 1.006102
0 8 0.204980
1 8 0.201417
2 8 0.202117
3 8 0.237314
4 8 0.324514
5 8 0.504236
6 8 0.786688
7 8 1.127557
8 8 1.452561
9 8 1.600639
0 9 0.106245
1 9 0.116789
2 9 0.152717
3 9 0.233345
4 9 0.401471
5 9 0.696539
6 9 1.125692
7 9 1.641660
8 9 1.969659
9 9 2.030226
0 10 0.063563
1 10 0.084876
2 10 0.139798
3 10 0.260234
4 10 0.491047
5 10 0.883114
6 10 1.450992
7 10 1.969271
8 10 2.075317
9 10 1.357573
0 11 0.049064
1 11 0.074677
2 11 0.141448
3 11 0.281838
4 11 0.549780
5 11 1.002752
6 11 1.599376
7 11 2.029867
8 11 1.357497
9 11 -2.165349


0 0 20.000000
1 0 12.099939
2 0 7.500645
3 0 4.603274
4 0 2.745769
5 0 1.569421
6 0 0.856956
7 0 0.446037
8 0 0.231228
9 0 0.140116
0 1 12.099960
1 1 9.045972
2 1 6.149347
3 1 3.955104
4 1 2.412311
5 1 1.404134
6 1 0.771178
7 1 0.408851
8 1 0.214110
9 1 0.133588
0 2 7.500747
1 2 6.149451
2 2 4.493315
3 2 3.019373
4 2 1.909010
5 2 1.128134
6 2 0.639688
7 2 0.344869
8 2 0.193544
9 2 0.127434
0 3 4.603608
1 3 3.955573
2 3 3.019901
3 3 2.119630
4 3 1.370770
5 3 0.844910
6 3 0.491070
7 3 0.291495
8 3 0.181983
9 3 0.139699
0 4 2.746658
1 4 2.413680
2 4 1.911193
3 4 1.373147
4 4 0.931119
5 4 0.593045
6 4 0.387445
7 4 0.265143
8 4 0.213665
9 4 0.193156
0 5 1.571310
1 5 1.407481
2 5 1.134053
3 5 0.853912
4 5 0.602246
5 5 0.438508
6 5 0.339974
7 5 0.313331
8 5 0.315655
9 5 0.328000
0 6 0.860241
1 6 0.777647
2 6 0.653054
3 6 0.513865
4 6 0.419669
5 6 0.371095
6 6 0.394496
7 6 0.458609
8 6 0.538422
9 6 0.591136
0 7 0.449810
1 7 0.419378
2 7 0.369357
3 7 0.339204
4 7 0.341740
5 7 0.415490
6 7 0.553428
7 7 0.737339
8 7 0.916251
9 7 1.013187
0 8 0.231189
1 8 0.225710
2 8 0.231974
3 8 0.264679
4 8 0.363022
5 8 0.544913
6 8 0.817373
7 8 1.146103
8 8 1.396510
9 8 1.522382
0 9 0.122895
1 9 0.136314
2 9 0.173012
3 9 0.262934
4 9 0.436361
5 9 0.728628
6 9 1.143970
7 9 1.548045
8 9 1.799941
9 9 1.739524
0 10 0.075937
1 10 0.098707
2 10 0.159819
3 10 0.286507
4 10 0.523650
5 10 0.910333
6 10 1.394363
7 10 1.799459
8 10 1.663500
9 10 0.824442
0 11 0.059092
1 11 0.087516
2 11 0.159440
3 11 0.308325
4 11 0.581354
5 11 1.008755
6 11 1.520747
7 11 1.739003
8 11 0.824333
9 11 -2.903907


0 0 20.000000
1 0 12.161639
2 0 7.588301
3 0 4.701198
4 0 2.832694
5 0 1.644070
6 0 0.910898
7 0 0.485768
8 0 0.257873
9 0 0.161262
0 1 12.161670
1 1 9.124674
2 1 6.248759
3 1 4.046076
4 1 2.503504
5 1 1.470261
6 1 0.827407
7 1 0.444049
8 1 0.241803
9 1 0.153812
0 2 7.588442
1 2 6.248902
2 2 4.584518
3 2 3.119265
4 2 1.982647
5 2 1.199435
6 2 0.683813
7 2 0.383394
8 2 0.217099
9 2 0.148566
0 3 4.701647
1 3 4.046660
2 3 3.119928
3 3 2.195798
4 3 1.451167
5 3 0.895755
6 3 0.540884
7 3 0.320766
8 3 0.209601
9 3 0.160568
0 4 2.833814
1 4 2.505226
2 4 1.985195
3 4 1.453964
4 4 0.984802
5 4 0.650496
6 4 0.422308
7 4 0.301484
8 4 0.238984
9 4 0.218630
0 5 1.646422
1 5 1.474173
2 5 1.206410
3 5 0.905828
4 5 0.660802
5 5 0.476590
6 5 0.383445
7 5 0.344845
8 5 0.348354
9 5 0.356987
0 6 0.914752
1 6 0.835038
2 6 0.698731
3 6 0.566460
4 6 0.457237
5 6 0.417041
6 6 0.430777
7 6 0.495897
8 6 0.570413
9 6 0.617686
0 7 0.490154
1 7 0.455631
2 7 0.410902
3 7 0.372410
4 7 0.384346
5 7 0.452794
6 7 0.591174
7 7 0.768598
8 7 0.921364
9 7 1.010739
0 8 0.257401
1 8 0.254714
2 8 0.258190
3 8 0.299284
4 8 0.396923
5 8 0.581128
6 8 0.847103
7 8 1.124816
8 8 1.346169
9 8 1.417901
0 9 0.141584
1 9 0.155081
2 9 0.197760
3 9 0.290140
4 9 0.469558
5 9 0.758894
6 9 1.122102
7 9 1.472368
8 9 1.586895
9 9 1.471572
0 10 0.089158
1 10 0.114897
2 10 0.179417
3 10 0.313682
4 10 0.553639
5 10 0.913849
6 10 1.343627
7 10 1.586228
8 10 1.312044
9 10 0.330890
0 11 0.070409
1 11 0.101189
2 11 0.178775
3 11 0.333907
4 11 0.605521
5 11 1.005297
6 11 1.415717
7 11 1.470885
8 11 0.330732
9 11 -3.539760


0 0 20.000000
1 0 12.218654
2 0 7.674974
3 0 4.792067
4 0 2.920366
5 0 1.714481
6 0 0.967036
7 0 0.524647
8 0 0.286676
9 0 0.183552
0 1 12.218696
1 1 9.205242
2 1 6.335892
3 1 4.143181
4 1 2.582920
5 1 1.543604
6 1 0.877255
7 1 0.484593
8 1 0.268208
9 1 0.176361
0 2 7.675165
1 2 6.336073
2 2 4.684213
3 2 3.202260
4 2 2.068343
5 2 1.258119
6 2 0.737780
7 2 0.416432
8 2 0.245841
9 2 0.170011
0 3 4.792641
1 3 4.143926
2 3 3.203043
3 3 2.286081
4 3 1.514751
5 3 0.960496
6 3 0.580661
7 3 0.358841
8 3 0.234355
9 3 0.184341
0 4 2.921777
1 4 2.584961
2 4 2.071382
3 4 1.517906
4 4 1.054107
5 4 0.694864
6 4 0.469077
7 4 0.331726
8 4 0.269517
9 4 0.243792
0 5 1.717290
1 5 1.548274
2 5 1.265982
3 5 0.971909
4 5 0.706114
5 5 0.527946
6 5 0.418630
7 5 0.382295
8 5 0.377807
9 5 0.385414
0 6 0.971592
1 6 0.885822
2 6 0.754703
3 6 0.608551
4 6 0.507162
5 6 0.454349
6 6 0.471889
7 6 0.528658
8 6 0.595825
9 6 0.638956
0 7 0.529485
1 7 0.497702
2 7 0.446240
3 7 0.415248
4 7 0.419841
5 7 0.493422
6 7 0.624818
7 7 0.783313
8 7 0.923980
9 7 0.991922
0 8 0.285963
1 8 0.281576
2 8 0.290665
3 8 0.329416
4 8 0.433579
5 8 0.613929
6 8 0.854805
7 8 1.108560
8 8 1.262744
9 8 1.311595
0 9 0.160806
1 9 0.177239
2 9 0.220707
3 9 0.320071
4 9 0.499899
5 9 0.771659
6 9 1.105498
7 9 1.355010
8 9 1.400538
9 9 1.201814
0 10 0.104012
1 10 0.131211
2 10 0.201278
3 10 0.339275
4 10 0.575653
5 10 0.915364
6 10 1.259474
7 10 1.399731
8 10 0.958686
9 10 -0.106314
0 11 0.082791
1 11 0.116317
2 11 0.198322
3 11 0.357971
4 11 0.624591
5 11 0.985096
6 11 1.308882
7 11 1.200890
8 11 -0.106525
9 11 -4.104475


0 0 20.000000
1 0 12.274718
2 0 7.755397
3 0 4.882647
4 0 3.002458
5 0 1.786372
6 0 1.020855
7 0 0.565738
8 0 0.315771
9 0 0.207535
0 1 12.274776
1 1 9.277329
2 1 6.426903
3 1 4.228285
4 1 2.668874
5 1 1.608194
6 1 0.933253
7 1 0.521635
8 1 0.298368
9 1 0.199533
0 2 7.755644
1 2 6.427137
2 2 4.769317
3 2 3.295455
4 2 2.139512
5 2 1.327556
6 2 0.783117
7 2 0.456764
8 2 0.272251
9 2 0.194139
0 3 4.883377
1 3 4.229179
2 3 3.296400
3 3 2.359490
4 3 1.592257
5 3 1.012099
6 3 0.631549
7 3 0.390793
8 3 0.264635
9 3 0.208125
0 4 3.004167
1 4 2.671340
2 4 2.142973
3 4 1.595870
4 4 1.108409
5 4 0.752907
6 4 0.506470
7 4 0.369933
8 4 0.296920
9 4 0.270766
0 5 1.789733
1 5 1.613514
2 5 1.336567
3 5 1.024638
4 5 0.765281
5 5 0.568489
6 5 0.462802
7 5 0.414205
8 5 0.408263
9 5 0.411493
0 6 1.026047
1 6 0.943068
2 6 0.801649
3 6 0.662255
4 6 0.547214
5 6 0.500105
6 6 0.506614
7 6 0.558331
8 6 0.617350
9 6 0.653030
0 7 0.571185
1 7 0.535781
2 7 0.489579
3 7 0.451012
4 7 0.462353
5 7 0.528234
6 7 0.650858
7 7 0.796504
8 7 0.908451
9 7 0.966613
0 8 0.314457
1 8 0.312892
2 8 0.319485
3 8 0.364891
4 8 0.465771
5 8 0.638367
6 8 0.863201
7 8 1.063968
8 8 1.186168
9 8 1.192019
0 9 0.182005
1 9 0.198575
2 9 0.247313
3 9 0.347324
4 9 0.525241
5 9 0.783673
6 9 1.060237
7 9 1.253582
8 9 1.194564
9 9 0.951909
0 10 0.119705
1 10 0.149712
2 10 0.222379
3 10 0.363743
4 10 0.594782
5 10 0.897971
6 10 1.182369
7 10 1.193515
8 10 0.646858
9 10 -0.512572
0 11 0.096478
1 11 0.132160
2 11 0.218472
3 11 0.380040
4 11 0.635828
5 11 0.958483
6 11 1.188586
7 11 0.950745
8 11 -0.512856
9 11 -4.605447


0 0 20.000000
1 0 12.326861
2 0 7.834916
3 0 4.967197
4 0 3.085088
5 0 1.854470
6 0 1.076554
7 0 0.606000
8 0 0.346853
9 0 0.232594
0 1 12.326937
1 1 9.350883
2 1 6.507582
3 1 4.318470
4 1 2.744612
5 1 1.679014
6 1 0.983450
7 1 0.563531
8 1 0.327298
9 1 0.224894
0 2 7.835233
1 2 6.507867
2 2 4.861474
3 2 3.374151
4 2 2.221035
5 2 1.385730
6 2 0.837280
7 2 0.491949
8 2 0.303476
9 2 0.218512
0 3 4.968092
1 3 4.319564
2 3 3.375240
3 3 2.444995
4 3 1.654877
5 3 1.076067
6 3 0.673120
7 3 0.430720
8 3 0.292022
9 3 0.234416
0 4 3.087154
1 4 2.747458
2 4 2.225044
3 4 1.658877
4 4 1.176578
5 4 0.798867
6 4 0.554297
7 4 0.402097
8 4 0.328399
9 4 0.296826
0 5 1.858365
1 5 1.685177
2 5 1.395693
3 5 1.089993
4 5 0.812188
5 5 0.620274
6 5 0.498945
7 5 0.449832
8 5 0.434992
9 5 0.435888
0 6 1.082508
1 6 0.994248
2 6 0.857867
3 6 0.706128
4 6 0.597499
5 6 0.537638
6 6 0.543024
7 6 0.583668
8 6 0.632019
9 6 0.662121
0 7 0.611868
1 7 0.579181
2 7 0.526982
3 7 0.494770
4 7 0.498058
5 7 0.562921
6 7 0.673638
7 7 0.795402
8 7 0.891659
9 7 0.930028
0 8 0.345135
1 8 0.342074
2 8 0.353669
3 8 0.395898
4 8 0.497713
5 8 0.660220
6 8 0.853357
7 8 1.024864
8 8 1.089751
9 8 1.074177
0 9 0.203685
1 9 0.222980
2 9 0.271941
3 9 0.375297
4 9 0.547888
5 9 0.780454
6 9 1.020706
7 9 1.128071
8 9 1.009629
9 9 0.706480
0 10 0.136975
1 10 0.168205
2 10 0.244810
3 10 0.386131
4 10 0.605695
5 10 0.879827
6 10 1.085077
7 10 1.008388
8 10 0.340663
9 10 -0.879813
0 11 0.111205
1 11 0.149205
2 11 0.238263
3 11 0.399521
4 11 0.642283
5 11 0.920217
6 11 1.070046
7 11 0.704997
8 11 -0.880175
9 11 -5.059080


0 0 20.000000
1 0 12.378165
2 0 7.909139
3 0 5.051418
4 0 3.162842
5 0 1.923781
6 0 1.130118
7 0 0.648234
8 0 0.378186
9 0 0.259233
0 1 12.378263
1 1 9.417312
2 1 6.591436
3 1 4.398386
4 1 2.825902
5 1 1.742066
6 1 1.039095
7 1 0.602174
8 1 0.359688
9 1 0.250824
0 2 7.909532
1 2 6.591788
2 2 4.941210
3 2 3.461493
4 2 2.289843
5 2 1.453349
6 2 0.883562
7 2 0.533752
8 2 0.332445
9 2 0.245325
0 3 5.052511
1 3 4.399664
2 3 3.462769
3 3 2.515786
4 3 1.729669
5 3 1.128148
6 3 0.724591
7 3 0.464797
8 3 0.324253
9 3 0.260444
0 4 3.165267
1 4 2.829235
2 4 2.294317
3 4 1.734153
4 4 1.231202
5 4 0.856804
6 4 0.593257
7 4 0.440812
8 4 0.356484
9 4 0.323882
0 5 1.928301
1 5 1.748941
2 5 1.464520
3 5 1.143222
4 5 0.871086
5 5 0.661909
6 5 0.541857
7 5 0.479926
8 5 0.461534
9 5 0.457457
0 6 1.136747
1 6 1.051184
2 6 0.905763
3 6 0.760032
4 6 0.638503
5 6 0.580929
6 6 0.573472
7 6 0.605069
8 6 0.643110
9 6 0.665014
0 7 0.654673
1 7 0.618793
2 7 0.571372
3 7 0.531766
4 7 0.538225
5 7 0.592388
6 7 0.688676
7 7 0.793457
8 7 0.861800
9 7 0.889496
0 8 0.375691
1 8 0.375241
2 8 0.384224
3 8 0.430362
4 8 0.525516
5 8 0.673611
6 8 0.844857
7 8 0.966645
8 8 1.000082
9 8 0.950109
0 9 0.227194
1 9 0.246476
2 9 0.299189
3 9 0.400464
4 9 0.564790
5 9 0.777160
6 9 0.961740
7 9 1.015897
8 9 0.816241
9 9 0.477618
0 10 0.155018
1 10 0.188493
2 10 0.266135
3 10 0.406331
4 10 0.614032
5 10 0.847861
6 10 0.994742
7 10 0.814702
8 10 0.064507
9 10 -1.222938
0 11 0.127148
1 11 0.166720
2 11 0.257950
3 11 0.416549
4 11 0.641929
5 11 0.878093
6 11 0.945084
7 11 0.475814
8 11 -1.223399
9 11 -5.469537


0 0 20.000000
1 0 12.426154
2 0 7.982539
3 0 5.130446
4 0 3.240986
5 0 1.989702
6 0 1.185307
7 0 0.689678
8 0 0.411336
9 0 0.286869
0 1 12.426277
1 1 9.484913
2 1 6.666512
3 1 4.482562
4 1 2.898284
5 1 1.810532
6 1 1.089480
7 1 0.645192
8 1 0.390907
9 1 0.278768
0 2 7.983024
1 2 6.666930
2 2 5.026872
3 2 3.536306
4 2 2.367603
5 2 1.510905
6 2 0.937697
7 2 0.570745
8 2 0.365754
9 2 0.272260
0 3 5.131744
1 3 4.484076
2 3 3.537744
3 3 2.597021
4 3 1.791245
5 3 1.191103
6 3 0.767441
7 3 0.505852
8 3 0.353543
9 3 0.288476
0 4 3.243829
1 4 2.902048
2 4 2.372669
3 4 1.796132
4 4 1.297928
5 4 0.903629
6 4 0.641016
7 4 0.473616
8 4 0.387621
9 4 0.349567
0 5 1.994814
1 5 1.818310
2 5 1.523061
3 5 1.207448
4 5 0.918709
5 5 0.712669
6 5 0.577141
7 5 0.512318
8 5 0.484244
9 5 0.476972
0 6 1.192726
1 6 1.102561
2 6 0.961777
3 6 0.804813
4 6 0.687568
5 6 0.616568
6 6 0.604133
7 6 0.622491
8 6 0.648354
9 6 0.663769
0 7 0.696476
1 7 0.663117
2 7 0.610136
3 7 0.574998
4 7 0.572043
5 7 0.620360
6 7 0.701044
7 7 0.780548
8 7 0.831537
9 7 0.841605
0 8 0.408200
1 8 0.406296
2 8 0.419041
3 8 0.460493
4 8 0.551747
5 8 0.684980
6 8 0.822668
7 8 0.913573
8 8 0.898699
9 8 0.829326
0 9 0.251095
1 9 0.272529
2 9 0.324325
3 9 0.425168
4 9 0.579293
5 9 0.762000
6 9 0.908164
7 9 0.889832
8 9 0.639526
9 9 0.255258
0 10 0.174463
1 10 0.208587
2 10 0.287991
3 10 0.424295
4 10 0.615228
5 10 0.816007
6 10 0.892347
7 10 0.637740
8 10 -0.203848
9 10 -1.537587
0 11 0.144008
1 11 0.185077
2 11 0.276838
3 11 0.430690
4 11 0.637651
5 11 0.828242
6 11 0.823433
7 11 0.253050
8 11 -1.538154
9 11 -5.846353


0 0 20.000000
1 0 12.473402
2 0 8.051413
3 0 5.209133
4 0 3.314854
5 0 2.056632
6 0 1.238542
7 0 0.732878
8 0 0.444698
9 0 0.315960
0 1 12.473553
1 1 9.546468
2 1 6.744222
3 1 4.557887
4 1 2.975421
5 1 1.872093
6 1 1.144682
7 1 0.685203
8 1 0.425263
9 1 0.307201
0 2 8.051994
1 2 6.744721
2 2 5.101873
3 2 3.618515
4 2 2.434185
5 2 1.576734
6 2 0.984643
7 2 0.613624
8 2 0.396864
9 2 0.301314
0 3 5.210668
1 3 4.559616
2 3 3.620159
3 3 2.665357
4 3 1.863414
5 3 1.243305
6 3 0.818917
7 3 0.541336
8 3 0.386926
9 3 0.315961
0 4 3.318109
1 4 2.979721
2 4 2.439746
3 4 1.868767
4 4 1.352429
5 4 0.960679
6 4 0.680457
7 4 0.511702
8 4 0.415243
9 4 0.375659
0 5 2.062420
1 5 1.880621
2 5 1.590051
3 5 1.260679
4 5 0.976403
5 5 0.754012
6 5 0.617534
7 5 0.539373
8 5 0.506316
9 5 0.493638
0 6 1.246644
1 6 1.158983
2 6 1.010143
3 6 0.857948
4 6 0.728034
5 6 0.656183
6 6 0.629311
7 6 0.636338
8 6 0.650510
9 6 0.657675
0 7 0.740130
1 7 0.703867
2 7 0.654733
3 7 0.611871
4 7 0.608668
5 7 0.643659
6 7 0.706927
7 7 0.767161
8 7 0.792301
9 7 0.791559
0 8 0.440517
1 8 0.440722
2 8 0.450312
3 8 0.492738
4 8 0.574202
5 8 0.689194
6 8 0.801940
7 8 0.847937
8 8 0.803491
9 8 0.706222
0 9 0.276572
1 9 0.297576
2 9 0.351182
3 9 0.447101
4 9 0.588536
5 9 0.747111
6 9 0.841712
7 9 0.774751
8 9 0.459985
9 9 0.046631
0 10 0.194538
1 10 0.230015
2 10 0.308511
3 10 0.439769
4 10 0.614312
5 10 0.774454
6 10 0.796336
7 10 0.457845
8 10 -0.449619
9 10 -1.833133
0 11 0.161889
1 11 0.203628
2 11 0.295149
3 11 0.442369
4 11 0.627953
5 11 0.776333
6 11 0.699268
7 11 0.044017
8 11 -1.833826
9 11 -6.192112


0 0 20.000000
1 0 12.517821
2 0 8.119542
3 0 5.283322
4 0 3.389010
5 0 2.120530
6 0 1.293183
7 0 0.775330
8 0 0.479700
9 0 0.345955
0 1 12.518004
1 1 9.608974
2 1 6.814410
3 1 4.636822
4 1 3.044755
5 1 1.938367
6 1 1.195120
7 1 0.729112
8 1 0.458491
9 1 0.337435
0 2 8.120234
1 2 6.814988
2 2 5.181904
3 2 3.689825
4 2 2.508521
5 2 1.633556
6 2 1.038489
7 2 0.652011
8 2 0.431782
9 2 0.330335
0 3 5.285097
1 3 4.638817
2 3 3.691648
3 3 2.742714
4 3 1.923819
5 3 1.304936
6 3 0.862435
7 3 0.582792
8 3 0.417351
9 3 0.344965
0 4 3.392729
1 4 3.049523
2 4 2.514675
3 4 1.929553
4 4 1.417316
5 4 1.007551
6 4 0.727208
7 4 0.544102
8 4 0.445151
9 4 0.400125
0 5 2.126948
1 5 1.947794
2 5 1.647797
3 5 1.323292
4 5 1.023788
5 5 0.802700
6 5 0.650788
7 5 0.567973
8 5 0.524691
9 5 0.508322
0 6 1.302044
1 6 1.210319
2 6 1.065429
3 6 0.902682
4 6 0.774800
5 6 0.688754
6 6 0.654245
7 6 0.646589
8 6 0.648158
9 6 0.648346
0 7 0.782790
1 7 0.748642
2 7 0.694049
3 7 0.653522
4 7 0.639442
5 7 0.665243
6 7 0.710518
7 7 0.745876
8 7 0.753180
9 7 0.736939
0 8 0.474485
1 8 0.473068
2 8 0.484844
3 8 0.520872
4 8 0.594784
5 8 0.691728
6 8 0.771442
7 8 0.786836
8 8 0.701611
9 8 0.586976
0 9 0.302300
1 9 0.324623
2 9 0.375875
3 9 0.468056
4 9 0.595682
5 9 0.723474
6 9 0.780035
7 9 0.651870
8 9 0.293813
9 9 -0.155074
0 10 0.215754
1 10 0.251063
2 10 0.329029
3 10 0.453073
4 10 0.607678
5 10 0.733523
6 10 0.693320
7 10 0.291371
8 10 -0.687282
9 10 -2.107058
0 11 0.180486
1 11 0.222670
2 11 0.312414
3 11 0.451310
4 11 0.615241
5 11 0.719502
6 11 0.578989
7 11 -0.158174
8 11 -2.107885
9 11 -6.512796


0 0 20.000000
1 0 12.561584
2 0 8.183774
3 0 5.357174
4 0 3.459404
5 0 2.185273
6 0 1.346041
7 0 0.819331
8 0 0.514869
9 0 0.377261
0 1 12.561803
1 1 9.666306
2 1 6.886811
3 1 4.708078
4 1 3.118180
5 1 1.998490
6 1 1.249788
7 1 0.770238
8 1 0.494507
9 1 0.368054
0 2 8.184581
1 2 6.887483
2 2 5.252718
3 2 3.767490
4 2 2.572989
5 2 1.697578
6 2 1.085781
7 2 0.695544
8 2 0.464547
9 2 0.361129
0 3 5.359219
1 3 4.710314
2 3 3.769527
3 3 2.808711
4 3 1.993371
5 3 1.356840
6 3 0.913356
7 3 0.618975
8 3 0.451172
9 3 0.373194
0 4 3.463574
1 4 3.123504
2 4 2.579630
3 4 1.999499
4 4 1.471178
5 4 1.063040
6 4 0.766219
7 4 0.580781
8 4 0.471567
9 4 0.424641
0 5 2.192379
1 5 2.008647
2 5 1.712797
3 5 1.375955
4 5 1.079527
5 5 0.842720
6 5 0.688031
7 5 0.591543
8 5 0.542401
9 5 0.520371
0 6 1.355525
1 6 1.265977
2 6 1.113712
3 6 0.954261
4 6 0.813666
5 6 0.724247
6 6 0.674162
7 6 0.654063
8 6 0.643202
9 6 0.635441
0 7 0.826990
1 7 0.790056
2 7 0.738109
3 7 0.689261
4 7 0.672087
5 7 0.682610
6 7 0.709202
7 7 0.724281
8 7 0.708146
9 7 0.681360
0 8 0.508161
1 8 0.508148
2 8 0.515966
3 8 0.550302
4 8 0.611931
5 8 0.688736
6 8 0.742279
7 8 0.717700
8 8 0.605201
9 8 0.467613
0 9 0.329290
1 9 0.350577
2 9 0.401638
3 9 0.486375
4 9 0.598498
5 9 0.700242
6 9 0.710026
7 9 0.538014
8 9 0.127781
9 9 -0.345336
0 10 0.237401
1 10 0.273019
2 10 0.348106
3 10 0.464018
4 10 0.599380
5 10 0.685993
6 10 0.595979
7 10 0.124933
8 10 -0.907440
9 10 -2.365552
0 11 0.199849
1 11 0.241658
2 11 0.328856
3 11 0.458010
4 11 0.598433
5 11 0.661814
6 11 0.458409
7 11 -0.348925
8 11 -2.366534
9 11 -6.810133


0 0 20.000000
1 0 12.602916
2 0 8.247336
3 0 5.427107
4 0 3.530008
5 0 2.247302
6 0 1.400108
7 0 0.862620
8 0 0.551492
9 0 0.409361
0 1 12.603172
1 1 9.724420
2 1 6.952719
3 1 4.782414
4 1 3.184740
5 1 2.062705
6 1 1.300138
7 1 0.814792
8 1 0.529427
9 1 0.400238
0 2 8.248271
1 2 6.953479
2 2 5.327828
3 2 3.835624
4 2 2.644155
5 2 1.753525
6 2 1.139067
7 2 0.734885
8 2 0.500588
9 2 0.391731
0 3 5.429422
1 3 4.784933
2 3 3.837843
3 3 2.882472
4 3 2.052430
5 3 1.416836
6 3 0.956954
7 3 0.660213
8 3 0.482071
9 3 0.402534
0 4 3.534669
1 4 3.190541
2 4 2.651332
3 4 2.058869
4 4 1.533859
5 4 1.109239
6 4 0.811302
7 4 0.612076
8 4 0.499749
9 4 0.447443
0 5 2.255031
1 5 2.073664
2 5 1.769486
3 5 1.436521
4 5 1.125880
5 5 0.888711
6 5 0.718661
7 5 0.616319
8 5 0.556671
9 5 0.530713
0 6 1.410218
1 6 1.316985
2 6 1.167786
3 6 0.998148
4 6 0.857531
5 6 0.753290
6 6 0.693886
7 6 0.658297
8 6 0.635013
9 6 0.620094
0 7 0.870183
1 7 0.834806
2 7 0.777249
3 7 0.728690
4 7 0.699367
5 7 0.698568
6 7 0.705833
7 7 0.697278
8 7 0.663511
9 7 0.623140
0 8 0.543147
1 8 0.541190
2 8 0.549549
3 8 0.575883
4 8 0.627406
5 8 0.684266
6 8 0.706416
7 8 0.652444
8 8 0.505310
9 8 0.352210
0 9 0.356357
1 9 0.378024
2 9 0.425256
3 9 0.503614
4 9 0.599482
5 9 0.670813
6 9 0.644128
7 9 0.420110
8 9 -0.027390
9 9 -0.528873
0 10 0.259890
1 10 0.294436
2 10 0.366883
3 10 0.472968
4 10 0.586736
5 10 0.639354
6 10 0.494841
7 10 -0.030593
8 10 -1.119843
9 10 -2.607115
0 11 0.219689
1 11 0.260845
2 11 0.344158
3 11 0.462329
4 11 0.579409
5 11 0.601162
6 11 0.341819
7 11 -0.533029
8 11 -2.608258
9 11 -7.088088


0 0 20.000000
1 0 12.643668
2 0 8.307519
3 0 5.496716
4 0 3.597289
5 0 2.310031
6 0 1.452542
7 0 0.907253
8 0 0.588225
9 0 0.442613
0 1 12.643966
1 1 9.778072
2 1 7.020499
3 1 4.850048
4 1 3.254820
5 1 2.121426
6 1 1.354168
7 1 0.856767
8 1 0.566778
9 1 0.432689
0 2 8.308586
1 2 7.021363
2 2 5.394916
3 2 3.909217
4 2 2.706580
5 2 1.815691
6 2 1.186375
7 2 0.778665
8 2 0.534529
9 2 0.423773
0 3 5.499324
1 3 4.852822
2 3 3.911641
3 3 2.946191
4 3 2.119331
5 3 1.468037
6 3 1.006855
7 3 0.696496
8 3 0.515771
9 3 0.430945
0 4 3.602416
1 4 3.261150
2 4 2.714185
3 4 2.126046
4 4 1.586604
5 4 1.162677
6 4 0.849233
7 4 0.646896
8 4 0.524565
9 4 0.470110
0 5 2.318396
1 5 2.133011
2 5 1.832326
3 5 1.488096
4 5 1.179156
5 5 0.926767
6 5 0.752555
7 5 0.636426
8 5 0.570448
9 5 0.538730
0 6 1.463104
1 6 1.371619
2 6 1.215467
3 6 1.047632
4 6 0.894171
5 6 0.784674
6 6 0.709020
7 6 0.660624
8 6 0.624643
9 6 0.602240
0 7 0.914589
1 7 0.876402
2 7 0.820208
3 7 0.762662
4 7 0.728049
5 7 0.710689
6 7 0.699037
7 7 0.670021
8 7 0.615185
9 7 0.564739
0 8 0.577719
1 8 0.576382
2 8 0.579894
3 8 0.602315
4 8 0.639749
5 8 0.675801
6 8 0.671668
7 8 0.582278
8 8 0.410194
9 8 0.237947
0 9 0.384355
1 9 0.404310
2 9 0.449517
3 9 0.518397
4 9 0.597142
5 9 0.641807
6 9 0.573045
7 9 0.309647
8 9 -0.180824
9 9 -0.702792
0 10 0.282593
1 10 0.316410
2 10 0.384204
3 10 0.479890
4 10 0.572803
5 10 0.588388
6 10 0.398677
7 10 -0.184480
8 10 -1.318339
9 10 -2.835980
0 11 0.240028
1 11 0.279782
2 11 0.358554
3 11 0.464716
4 11 0.557409
5 11 0.540436
6 11 0.226198
7 11 -0.707515
8 11 -2.837305
9 11 -7.347887


0 0 20.000000
1 0 12.682315
2 0 8.367101
3 0 5.562893
4 0 3.664714
5 0 2.370322
6 0 1.505998
7 0 0.951197
8 0 0.626217
9 0 0.476535
0 1 12.682656
1 1 9.832374
2 1 7.082639
3 1 4.920313
4 1 3.318836
5 1 2.183677
6 1 1.404278
7 1 0.901716
8 1 0.603053
9 1 0.466463
0 2 8.368310
1 2 7.083599
2 2 5.465680
3 2 3.974434
4 2 2.774765
5 2 1.870605
6 2 1.238845
7 2 0.818542
8 2 0.571247
9 2 0.455484
0 3 5.565787
1 3 4.923369
2 3 3.977028
3 3 3.016559
4 3 2.176853
5 3 1.526138
6 3 1.050035
7 3 0.737047
8 3 0.546634
9 3 0.460150
0 4 3.670321
1 4 3.325608
2 4 2.782791
3 4 2.183769
4 4 1.646802
5 4 1.207660
6 4 0.892246
7 4 0.676680
8 4 0.550806
9 4 0.491088
0 5 2.379232
1 5 2.195872
2 5 1.887690
3 5 1.546290
4 5 1.223910
5 5 0.969765
6 5 0.780362
7 5 0.657631
8 5 0.581091
9 5 0.545382
0 6 1.516927
1 6 1.421996
2 6 1.267946
3 6 1.090099
4 6 0.934877
5 6 0.810162
6 6 0.724222
7 6 0.660028
8 6 0.612124
9 6 0.582588
0 7 0.957953
1 7 0.920699
2 7 0.858606
3 7 0.799551
4 7 0.751818
5 7 0.721890
6 7 0.690349
7 7 0.639281
8 7 0.567399
9 7 0.505028
0 8 0.613261
1 8 0.609581
2 8 0.612105
3 8 0.625176
4 8 0.650827
5 8 0.665978
6 8 0.632540
7 8 0.515382
8 8 0.313647
9 8 0.127522
0 9 0.412244
1 9 0.431666
2 9 0.471701
3 9 0.532216
4 9 0.593189
5 9 0.608594
6 9 0.505450
7 9 0.197505
8 9 -0.325323
9 9 -0.870412
0 10 0.305847
1 10 0.337722
2 10 0.401093
3 10 0.485030
4 10 0.555707
5 10 0.538431
6 10 0.300788
7 10 -0.329382
8 10 -1.509647
9 10 -3.051250
0 11 0.260608
1 11 0.298694
2 11 0.371814
3 11 0.465142
4 11 0.533841
5 11 0.478108
6 11 0.114449
7 11 -0.875775
8 11 -3.052762
9 11 -7.592265


0 0 20.000000
1 0 12.720447
2 0 8.423737
3 0 5.628755
4 0 3.729191
5 0 2.431178
6 0 1.557949
7 0 0.996282
8 0 0.664250
9 0 0.511438
0 1 12.720835
1 1 9.882802
2 1 7.146367
3 1 4.984700
4 1 3.385867
5 1 2.241010
6 1 1.457559
7 1 0.944267
8 1 0.641411
9 1 0.500384
0 2 8.425088
1 2 7.147433
2 2 5.529425
3 2 4.044329
4 2 2.835182
5 2 1.930856
6 2 1.285865
7 2 0.862213
8 2 0.605928
9 2 0.488336
0 3 5.631947
1 3 4.988006
2 3 4.047100
3 3 3.078021
4 3 2.241066
5 3 1.576288
6 3 1.098569
7 3 0.772973
8 3 0.579812
9 3 0.488339
0 4 3.735237
1 4 3.393088
2 4 2.843524
3 4 2.248110
4 4 1.698048
5 4 1.258738
6 4 0.928684
7 4 0.709432
8 4 0.573873
9 4 0.511856
0 5 2.440588
1 5 2.253631
2 5 1.948225
3 5 1.596367
4 5 1.274434
5 5 1.005523
6 5 0.810966
7 5 0.674540
8 5 0.591486
9 5 0.550037
0 6 1.569027
1 6 1.475361
2 6 1.314598
3 6 1.137166
4 6 0.968997
5 6 0.837689
6 6 0.735225
7 6 0.658315
8 6 0.597776
9 6 0.561281
0 7 1.002210
1 7 0.962034
2 7 0.900075
3 7 0.831425
4 7 0.776786
5 7 0.729577
6 7 0.679483
7 7 0.608290
8 7 0.517520
9 7 0.445634
0 8 0.648260
1 8 0.644433
2 8 0.641266
3 8 0.648675
4 8 0.659040
5 8 0.653463
6 8 0.594290
7 8 0.445743
8 8 0.221245
9 8 0.018946
0 9 0.440754
1 9 0.457812
2 9 0.494270
3 9 0.543774
4 9 0.586836
5 9 0.575762
6 9 0.434857
7 9 0.091532
8 9 -0.467227
9 9 -1.029866
0 10 0.329105
1 10 0.359325
2 10 0.416567
3 10 0.488540
4 10 0.537623
5 10 0.485799
6 10 0.207237
7 10 -0.471783
8 10 -1.689679
9 10 -3.255894
0 11 0.281439
1 11 0.317209
2 11 0.384186
3 11 0.463957
4 11 0.508200
5 11 0.416207
6 11 0.004392
7 11 -1.035868
8 11 -3.257612
9 11 -7.822135


